user_id	帮宝适	好奇	尤妮佳	大王	花王	其他
1002326754	0	0	0	0	0	0
1017146245	0	0	0	0	0	0
1093869443	0	0	0	0	0	0
1168716090	0	0	0	0	0	0
1301043494	0	0	0	0	0	0
1568746614	0	0	0	0	0	0
1591116392	0	0	0	0	0	0
1596630867	0	0	0	0	0	0
1635279123	0	0	0	0	0	0
1669024582	0	0	0	0	0	0
1683969397	0	0	0	0	0	0
1694870611	0	0	0	0	0	0
1703827633	0	0	0	0	0	0
1721825977	0	0	0	0	0	0
1738605643	0	0	0	0	0	0
1743734335	0	0	0	0	0	0
1751854682	0	0	0	0	0	0
1766499067	1	2	0	0	0	0
1776173037	0	0	0	0	0	0
1776707927	0	0	0	0	0	0
1787086511	0	0	0	0	0	0
1821863225	0	0	0	0	0	0
1826643727	0	0	0	0	0	0
1829604760	0	0	0	0	0	0
1835574314	0	0	0	0	0	0
1836070832	0	0	0	0	0	0
1845725094	0	0	0	0	0	0
1853852475	0	0	0	0	0	0
1866402485	0	0	0	0	0	0
1870366211	0	0	0	0	0	0
1891935794	0	0	0	0	0	0
1901943305	0	0	0	0	0	0
1911719341	0	0	0	0	0	0
1938549413	0	0	0	0	0	0
1938793465	0	0	0	0	0	0
1965617182	0	0	0	0	0	0
1966288725	0	0	0	0	0	0
1971333813	0	0	0	0	0	0
2017335643	0	0	0	0	0	0
2019247717	0	0	0	0	0	0
2019486951	0	0	0	0	0	0
2034192292	0	0	0	0	0	0
2087942147	0	0	0	0	0	0
2094387684	0	0	0	0	0	0
2129572704	0	0	0	0	0	0
2163196683	0	0	0	0	0	0
2165398790	0	0	0	0	0	0
2173813084	0	0	0	0	0	0
2243494133	0	0	0	0	0	0
2257473900	0	0	0	0	0	0
2292092920	0	0	0	0	0	0
2293632164	0	0	0	0	0	0
2296604561	0	0	0	0	0	0
2421099807	0	0	0	0	0	0
2457872727	0	0	0	0	0	0
2483317713	0	0	0	0	0	0
2486600300	0	0	0	0	0	0
2614187173	0	0	0	0	0	0
2638266847	0	0	0	0	0	0
2648619503	0	0	0	0	0	0
2663280231	0	0	0	0	0	0
2674862233	0	0	0	0	0	0
2701583622	0	0	0	0	0	0
2709577332	0	0	0	0	0	0
2738860822	0	0	0	0	0	0
2744991144	0	0	0	0	0	0
2783769922	0	0	0	0	0	0
2784367214	0	0	0	0	0	0
2828207064	0	0	0	0	0	0
2855143392	0	0	0	0	0	0
2879299311	0	0	0	0	0	0
3063262651	0	0	0	0	0	0
3105995457	0	0	0	0	0	0
3123139423	0	0	0	0	0	0
3144514582	0	0	0	0	0	0
3166400590	0	0	0	0	0	0
3175704507	0	0	0	0	0	0
3182354683	0	0	0	0	0	0
3203139555	0	0	0	0	0	0
3294848175	0	0	0	0	0	0
3296096972	0	0	0	0	0	0
3345937850	0	0	0	0	0	0
3562668795	0	0	0	0	0	0
3621181800	0	0	0	0	0	0
3714111905	0	0	0	0	0	0
3740190167	0	0	0	0	0	0
3920678309	0	0	0	0	0	0
5092710096	0	0	0	0	0	0
5143990099	0	0	0	0	0	0
5203557497	0	0	0	0	0	0
5203904597	0	0	0	0	0	0
5242360341	0	0	0	0	0	0
5341561206	0	0	0	0	0	0
5463363021	0	0	0	0	0	0
5471196873	0	0	0	0	0	0
5489650843	0	0	0	0	0	0
5527131205	0	0	0	0	0	0
5545500611	0	0	0	0	0	0
5621753164	0	0	0	0	0	0
5655452204	0	0	0	0	0	0
5737298088	0	0	0	0	0	0
5737500316	0	0	0	0	0	0
5747171292	0	0	0	0	0	0
5748661306	0	0	0	0	0	0
5757998794	0	0	0	0	0	0
5793687703	0	0	0	0	0	0
5794971956	0	0	0	0	0	0
5796841416	0	0	0	0	0	0
5820997239	0	0	0	0	0	0
5821489457	0	0	0	0	0	0
5836409535	0	0	0	0	0	0
5877737972	0	0	0	0	0	0
5880356967	0	0	0	0	0	0
5890337415	0	0	0	0	0	0
5890886959	0	0	0	0	0	0
5897998899	0	0	0	0	0	0
5898289551	0	0	0	0	0	0
5935891793	0	0	0	0	0	0
5960989059	0	0	0	0	0	0
5976647137	0	0	0	0	0	0
5978791348	0	0	0	0	0	0
5981960719	1	0	0	0	0	0
5985174762	0	0	0	0	0	0
5993892239	0	0	0	0	0	0
5994028437	0	0	0	0	0	0
6000046158	0	0	0	0	0	0
6002179201	0	0	0	0	0	0
6006394101	0	0	0	0	0	0
6011988371	0	0	0	0	0	0
6025707566	0	0	0	0	0	0
6027000226	0	0	0	0	0	0
6028795611	0	0	0	0	0	0
6031554058	0	0	0	0	0	0
6032285351	0	0	0	0	0	0
6041575744	0	0	0	0	0	0
6043367173	0	0	0	0	0	0
6044380859	0	0	0	0	0	0
6045532842	0	0	0	0	0	0
6048312341	0	0	0	0	0	0
6048952028	0	0	0	0	0	0
6053295480	0	0	0	0	0	0
6057485547	0	0	0	0	0	0
6058166323	0	0	0	0	0	0
6064226600	0	0	0	0	0	0
6073691376	0	0	0	0	0	0
6075854440	4	0	0	0	0	0
6077536321	0	0	0	0	0	0
6078309644	0	0	0	0	0	0
6081915398	0	0	0	0	0	0
6086692017	0	0	0	0	0	0
6087407136	0	0	0	0	0	0
6096303551	0	0	0	0	0	0
6100366381	0	0	0	0	0	0
6113112226	0	0	0	0	0	0
6117563192	0	0	0	0	0	0
6122935273	0	0	0	0	0	0
6128706745	0	0	0	0	0	0
6144363209	0	0	0	0	0	0
6155170120	0	0	0	0	0	0
6157089150	0	0	0	0	0	0
1004853823	0	0	0	0	0	0
1005570772	0	0	0	0	0	0
1006205227	0	0	0	0	0	0
1011269330	0	0	0	0	0	0
1013011303	0	0	0	0	0	0
1027145634	0	0	0	0	0	0
1054009064	0	0	0	0	0	0
1054096047	0	0	0	0	0	0
1066995495	0	0	0	0	0	0
1069384980	0	0	0	0	0	0
1083535803	0	0	0	0	0	0
1086782701	0	0	0	0	0	0
1098618600	0	0	0	0	0	0
1109018731	0	0	0	0	0	0
1109564533	0	0	0	0	0	0
1132833700	0	0	0	0	0	0
1133946402	0	0	0	0	0	0
1141154105	0	0	0	0	0	0
1142208455	0	0	0	0	0	0
1143605707	0	0	0	0	0	0
1149816777	0	0	0	0	0	0
1159402801	0	0	0	0	0	0
1162860657	0	0	0	0	0	0
1185441660	0	0	0	0	0	1
1191224527	0	0	0	0	0	0
1211113332	0	0	0	0	0	0
1215131765	0	0	0	0	0	0
1216388157	0	0	0	0	0	0
1218042552	0	0	0	0	0	0
1218957517	0	0	0	0	0	0
1219310523	0	0	0	0	0	0
1227493664	0	0	0	0	0	0
1228977142	0	0	0	0	0	0
1229448154	0	0	0	0	0	0
1236462225	0	0	0	0	0	0
1242290512	0	0	0	0	0	0
1244062551	0	0	0	0	0	0
1245360814	0	0	0	0	0	0
1246557331	0	0	0	0	0	0
1246792191	0	0	0	0	0	0
1250041105	0	0	0	0	0	0
1252397723	0	0	0	0	0	0
1254926960	0	0	0	0	0	0
1256947091	0	0	0	0	0	0
1268642527	0	0	0	0	0	0
1271958597	0	0	0	0	0	0
1276094724	0	0	0	0	0	0
1280981624	0	0	0	0	0	0
1283022704	0	0	0	0	0	0
1283658605	0	0	0	0	0	0
1285478591	0	0	0	0	0	0
1286189071	0	0	0	0	0	0
1286659964	0	0	0	0	0	0
1286891293	0	0	0	0	0	0
1288056483	0	0	0	0	0	0
1290700430	0	0	0	0	0	0
1291021104	0	0	0	0	0	0
1299532580	0	0	0	0	0	0
1301890202	0	0	0	0	0	0
1305807567	0	0	0	0	0	0
1306484861	0	0	0	0	0	0
1326398921	0	0	0	0	0	0
1339315757	0	0	0	0	0	0
1344280113	0	0	0	0	0	0
1349541437	0	0	0	0	0	0
1353509550	0	0	0	0	0	0
1391916660	0	0	0	0	0	0
1396626753	0	0	0	0	0	0
1400434093	0	0	0	0	0	0
1400776392	0	0	0	0	0	0
1400831884	0	0	0	0	0	0
1404214752	0	0	0	0	0	0
1404428062	0	0	0	0	0	0
1405236892	0	0	0	0	0	0
1407940677	0	0	0	0	0	0
1411163204	0	0	0	0	0	0
1412779214	0	0	0	0	0	0
1412922410	0	0	0	0	0	0
1417037145	0	0	0	0	0	0
1418058457	0	0	0	0	0	0
1419364883	0	0	0	0	0	0
1420174783	0	0	0	0	0	0
1421067881	0	0	0	0	0	0
1442720613	0	0	0	0	0	0
1452415622	0	0	0	0	0	0
1454064140	0	0	0	0	0	0
1455039933	0	0	0	0	0	0
1472934365	0	0	0	0	0	0
1492602474	0	0	0	0	0	0
1496825941	0	0	0	0	0	0
1496863785	0	0	0	0	0	0
1496878501	0	0	0	0	0	0
1496913734	0	0	0	0	0	2
1496975384	0	0	0	0	0	0
1498124904	0	0	0	0	0	0
1506088515	0	0	0	0	0	0
1506701434	0	0	0	0	0	0
1528274033	0	0	0	0	0	0
1534939700	0	0	0	0	0	0
1541940220	0	0	0	0	0	0
1547596314	0	0	0	0	0	0
1557303822	0	0	0	0	0	0
1558148043	0	0	0	0	0	0
1559236912	0	0	0	0	0	0
1560021134	0	0	0	0	0	0
1563926367	0	0	0	0	0	0
1575326970	0	0	0	0	0	0
1576284783	0	0	0	0	0	0
1587060020	0	0	0	0	0	0
1589698103	0	0	0	0	0	0
1590956147	0	0	0	0	0	0
1594646223	0	0	0	0	0	0
1606370777	0	0	0	0	0	0
1607812347	0	0	0	0	0	0
1610025682	0	0	0	0	0	0
1613005690	0	0	0	0	0	0
1614747181	0	0	0	0	0	0
1616772137	0	0	0	0	0	0
1619699251	0	0	0	0	0	0
1619766521	0	0	0	0	0	0
1621567465	0	0	0	0	0	0
1621894121	0	0	0	0	0	0
1622687475	0	0	0	0	0	0
1622754134	0	0	0	0	0	0
1626002531	0	0	0	0	0	0
1626297211	0	0	0	0	0	0
1634375627	0	0	0	0	0	0
1639132981	0	0	0	0	0	0
1640766861	0	0	0	0	0	0
1642413147	0	0	0	0	0	0
1642624462	0	0	0	0	0	0
1644587232	0	0	0	0	0	0
1647161640	0	0	0	0	0	0
1647263235	0	0	0	0	0	0
1647415197	0	0	0	0	0	0
1649155730	0	0	0	0	0	0
1652194081	0	0	0	0	0	0
1652707015	0	0	0	0	0	0
1653957693	0	0	0	0	0	0
1655370347	0	0	0	0	0	1
1655488792	0	0	0	0	0	0
1655507255	0	0	0	0	0	0
1655524143	0	0	0	0	0	0
1655665171	0	0	0	0	0	0
1657421782	0	0	0	0	0	0
1657764041	0	0	0	0	0	0
1658537731	0	0	0	0	0	0
1658895001	0	0	0	0	0	0
1658988854	0	0	0	0	0	0
1660815495	0	0	0	0	0	0
1660956507	0	0	0	0	0	0
1662475182	0	0	0	0	0	0
1667918954	0	0	0	0	0	1
1668368147	0	1	0	0	0	1
1670645393	0	0	0	0	0	0
1671194705	0	0	0	0	0	0
1671890613	0	0	0	0	0	0
1672418622	0	0	0	0	0	0
1674427277	0	1	0	0	0	0
1676341525	0	0	0	0	0	0
1677574270	0	0	0	0	0	0
1678613514	0	0	0	0	0	0
1679113281	0	0	0	0	0	0
1680599832	0	0	0	0	0	0
1682454721	0	0	0	0	0	0
1683010871	0	0	0	0	0	0
1684388950	0	0	0	0	0	0
1684836114	0	0	0	0	0	0
1685188223	0	0	0	0	0	0
1686815607	0	0	0	0	0	0
1687442081	0	0	0	0	0	0
1687486981	0	0	0	0	0	0
1687505121	0	0	0	0	0	0
1688537010	0	0	0	0	0	0
1691380954	0	0	0	0	0	0
1695958733	0	0	0	0	0	0
1698255955	0	0	0	0	0	0
1700651435	0	0	0	0	0	0
1703924001	0	0	0	0	0	0
1707427294	0	0	0	0	0	0
1711646255	0	0	0	0	0	0
1713066300	0	0	0	0	0	0
1714810430	0	0	0	0	0	0
1717421891	0	0	0	0	0	0
1717871843	0	0	0	0	0	0
1718328651	0	0	0	0	0	0
1718836754	0	0	0	0	0	0
1720133422	0	0	0	0	0	0
1721449743	0	0	0	0	0	0
1723559567	0	0	0	0	0	0
1725116507	0	0	0	0	0	0
1726998993	0	0	0	0	0	0
1727006174	0	0	0	0	0	0
1728085193	0	0	0	0	0	0
1729012204	0	0	0	0	0	0
1729908110	0	0	0	0	0	0
1730714982	0	0	0	0	0	0
1732475425	0	0	0	0	0	0
1732756857	0	0	0	0	0	0
1733443650	0	0	0	0	0	0
1733672487	0	0	0	0	0	0
1733770795	0	0	0	0	0	0
1737847545	0	0	0	0	0	0
1738041392	0	0	0	0	0	0
1738283175	0	0	0	0	0	0
1739037923	0	0	0	0	0	0
1739049744	0	0	0	0	0	0
1742693175	0	0	0	0	0	0
1742703365	0	0	0	0	0	0
1742942263	0	0	0	0	0	0
1743140002	0	0	0	0	0	0
1743527427	0	0	0	0	0	0
1744093477	0	0	0	0	0	0
1744691061	0	0	0	0	0	0
1745271495	0	0	0	0	0	0
1745573472	0	0	0	0	0	0
1745746033	0	0	0	0	0	0
1747790171	0	0	0	0	0	0
1748631042	0	0	0	0	0	0
1748852693	0	0	0	0	0	0
1749205637	0	0	0	0	0	0
1749254813	0	0	0	0	0	0
1750016637	0	0	0	0	0	0
1750270991	0	0	0	0	0	0
1750529573	0	0	0	0	0	0
1750796960	0	0	0	0	0	0
1752162633	0	0	0	0	0	0
1752202132	0	0	0	0	0	0
1756667731	0	0	0	0	0	0
1756807885	0	0	0	0	0	0
1758476561	0	0	0	0	0	0
1758486721	0	0	0	0	0	0
1760672962	0	0	0	0	0	0
1761326072	0	0	0	0	0	0
1762211555	0	0	0	0	0	0
1762696131	0	0	0	0	0	0
1763493560	0	0	0	0	0	0
1764226841	0	0	0	0	0	0
1764591442	0	0	0	0	0	0
1764822552	0	0	0	0	0	0
1767899742	0	0	0	0	0	0
1768227670	0	0	0	0	0	0
1770818961	0	0	0	0	0	0
1771295435	0	0	0	0	0	0
1771841343	0	0	0	0	0	0
1772440677	0	0	0	0	0	0
1773129131	0	0	0	0	0	0
1773967712	0	0	0	0	0	0
1774139105	0	0	0	0	0	0
1774168531	0	0	0	0	0	0
1774501890	0	0	0	0	0	0
1774676624	0	0	0	0	0	0
1774698101	0	0	0	0	0	0
1774860981	0	0	0	0	0	0
1775019491	0	0	0	0	0	0
1775979645	0	0	0	0	0	0
1776099801	0	0	0	0	0	0
1776266241	0	0	0	0	0	0
1776788973	0	0	0	0	0	0
1778181861	0	0	0	0	0	0
1781188483	0	0	0	0	0	0
1783982957	0	0	0	0	0	0
1784871365	0	0	0	0	0	0
1789501184	0	0	0	0	0	0
1794572275	0	0	0	0	0	0
1795509335	0	0	0	0	0	0
1796118884	0	0	0	0	0	0
1796790562	0	0	0	0	0	0
1798716414	0	0	0	0	0	0
1800611161	0	0	0	0	0	0
1801424604	0	0	0	0	0	0
1801831432	0	0	0	0	0	0
1801999762	0	0	0	0	0	0
1802079307	0	0	0	0	0	0
1802764891	0	0	0	0	0	0
1807134561	0	0	0	0	0	0
1807419844	0	0	0	0	0	0
1809715501	0	0	0	0	0	0
1810632930	0	0	0	0	0	0
1813378072	0	0	0	0	0	0
1813634662	0	0	0	0	0	0
1815338681	0	0	0	0	0	0
1820731083	0	0	0	0	0	0
1822430437	0	0	0	0	0	0
1823344731	0	0	0	0	0	0
1824112953	0	0	0	0	0	0
1826043543	0	0	0	0	0	0
1827165291	0	0	0	0	0	0
1828817187	0	0	0	0	0	0
1829280943	0	0	0	0	0	0
1829870212	0	0	0	0	0	0
1830138345	0	0	0	0	0	0
1832549174	0	0	0	0	0	0
1834767380	0	0	0	0	0	0
1836430855	0	0	0	0	0	0
1839665285	0	0	0	0	0	0
1840735635	0	0	0	0	0	0
1843070674	1	0	0	0	0	0
1843526412	0	0	0	0	0	0
1844459971	0	0	0	0	0	0
1845315180	0	0	0	0	0	0
1846302384	0	0	0	0	0	0
1847798401	0	0	0	0	0	0
1848322945	0	0	0	0	0	0
1850540183	0	0	0	0	0	0
1850679395	1	0	0	0	0	0
1851524785	0	0	0	0	0	0
1852352553	0	0	0	0	0	0
1852398985	0	0	0	0	0	0
1854627907	0	0	0	0	0	0
1855335174	0	0	0	0	0	0
1857150145	0	0	0	0	0	0
1857414070	0	0	0	0	0	0
1857570982	0	0	0	0	0	0
1862364383	0	0	0	0	0	0
1862466962	0	0	0	0	0	0
1862929910	0	0	0	0	0	0
1863089382	0	0	0	0	0	0
1866149335	0	0	0	0	0	0
1868478315	0	0	0	0	0	0
1870405371	0	0	0	0	0	0
1871956515	0	0	0	0	0	0
1880566337	0	0	0	0	0	0
1881135547	0	0	0	0	0	0
1883564374	0	0	0	0	0	0
1885056061	0	0	0	0	0	0
1885179197	0	0	0	0	0	0
1885460020	0	0	0	0	0	0
1885486011	0	0	0	0	0	0
1886036432	0	0	0	0	0	0
1887262740	0	0	0	0	0	0
1889158243	0	0	0	0	0	0
1889377232	0	0	0	0	0	0
1889728690	0	0	0	0	0	0
1890157630	0	0	0	0	0	0
1890551363	0	0	0	0	0	0
1893410897	0	0	0	0	0	0
1893826915	0	0	0	0	0	0
1894059162	0	0	0	0	0	0
1894287893	0	0	0	0	0	0
1896185234	0	0	0	0	0	0
1896481783	0	0	0	0	0	0
1899782201	0	0	0	0	0	0
1904542220	0	0	0	0	0	0
1906114713	0	0	0	0	0	0
1906604475	0	0	0	0	0	0
1907244354	0	0	0	0	0	0
1907252570	0	0	0	0	0	0
1907542963	0	0	0	0	0	0
1910672761	0	0	0	0	0	0
1912713353	0	0	0	0	0	0
1913663321	0	0	0	0	0	0
1914170245	0	0	0	0	0	0
1919114090	0	0	0	0	0	0
1920061532	0	0	0	0	0	0
1920535861	0	0	0	0	0	0
1921868697	0	0	0	0	0	0
1925950032	0	0	0	0	0	0
1926652273	0	0	0	0	0	0
1927564525	0	0	0	0	0	0
1930072831	0	0	0	0	0	0
1930227130	0	0	0	0	0	0
1931755017	0	0	0	0	0	0
1932108903	0	0	0	0	0	0
1933895942	0	0	0	0	0	0
1934303255	0	0	0	0	0	0
1935591865	0	0	0	0	0	0
1935671631	0	0	0	0	0	0
1937244784	0	0	0	0	0	0
1944272797	0	0	0	0	0	0
1944554947	0	0	0	0	0	0
1945390842	0	0	0	0	0	0
1945584665	0	0	0	0	0	0
1945805232	0	0	0	0	0	0
1952315213	0	0	0	0	0	0
1955292790	0	0	0	0	0	0
1958015870	0	0	0	0	0	0
1960499323	0	0	0	0	0	0
1965681503	0	0	0	0	0	0
1968827877	0	0	0	0	0	0
1971890324	0	0	0	0	0	0
1974152033	0	0	0	0	0	0
1976798673	0	0	0	0	0	0
1977278337	0	0	0	0	0	0
1980465571	0	0	0	0	0	0
1982163497	0	0	0	0	0	0
1982718541	0	0	0	0	0	0
1984862383	0	0	0	0	0	0
1986481745	0	0	0	0	0	0
1986866281	0	0	0	0	0	0
1989536301	0	0	0	0	0	0
1990821721	0	0	0	0	0	0
1991194723	0	0	0	0	0	0
1993350880	0	0	0	0	0	0
1999393467	0	0	0	0	0	1
2000363391	0	0	0	0	0	0
2012579967	0	0	0	0	0	0
2019094113	0	0	0	0	0	0
2023791210	0	0	0	0	0	0
2025994775	0	0	0	0	0	0
2026014915	0	0	0	0	0	0
2029606437	0	0	0	0	0	0
2034029294	0	0	0	0	0	0
2040119035	0	0	0	0	0	0
2047613403	0	0	0	0	0	0
2051673801	0	0	0	0	0	0
2053807061	0	0	0	0	0	0
2053975695	0	0	0	0	0	0
2054793217	0	0	0	0	0	0
2055410091	0	0	0	0	0	0
2056382103	0	0	0	0	0	0
2067756135	0	0	0	0	0	0
2070310990	0	0	0	0	0	0
2072631987	0	0	0	0	0	0
2073040423	0	0	0	0	0	0
2073980054	0	0	0	0	0	0
2074370833	0	0	0	0	0	0
2080259373	0	0	0	0	0	0
2089721401	0	0	0	0	0	0
2090683994	0	0	0	0	0	0
2092032733	0	0	0	0	0	0
2099079752	0	0	0	0	0	0
2102711012	0	0	0	0	0	0
2106202530	0	0	0	0	0	0
2115176080	0	0	0	0	0	0
2115302210	0	0	0	0	0	0
2115304994	0	0	0	0	0	0
2116182794	0	0	0	0	0	0
2122233441	0	0	0	0	0	0
2127461751	0	0	0	0	0	0
2131445654	0	0	0	0	0	0
2136670495	0	0	0	0	0	0
2137637745	0	0	0	0	0	1
2137765880	0	0	0	0	0	0
2138876990	0	0	0	0	0	0
2139885703	0	0	0	0	0	0
2141791335	0	0	0	0	0	0
2141934923	0	0	0	0	0	0
2144576481	0	0	0	0	0	0
2145304743	0	0	0	0	0	0
2146525962	0	0	0	0	0	0
2147543547	0	0	0	0	0	0
2148626094	0	0	0	0	0	0
2150152830	0	0	0	0	0	0
2152760185	0	0	0	0	0	0
2153773471	0	0	0	0	0	0
2154212385	0	0	0	0	0	0
2154547207	0	0	0	0	0	0
2154583655	0	0	0	0	0	0
2155138921	0	0	0	0	0	0
2155987804	0	0	0	0	0	0
2156166350	0	0	0	0	0	0
2172488380	0	0	0	0	0	0
2173500134	0	0	0	0	0	0
2173825475	0	0	0	0	0	0
2175199144	0	0	0	0	0	0
2175842925	0	0	0	0	0	0
2176645133	0	0	0	0	0	0
2184728493	0	0	0	0	0	0
2185104815	0	0	0	0	0	0
2185432195	0	0	0	0	0	0
2185608961	0	0	0	0	0	0
2185636134	0	0	0	0	0	0
2186363183	0	0	0	0	0	0
2188110855	0	0	0	0	0	0
2189608911	0	0	0	0	0	0
2203045151	0	0	0	0	0	0
2205215712	0	0	0	0	0	0
2205675180	0	0	0	0	0	0
2206430561	0	0	0	0	0	0
2212311917	0	0	0	0	0	0
2212518065	0	0	0	0	0	0
2213549100	0	0	0	0	0	0
2213619244	0	0	0	0	0	0
2214542774	0	2	0	0	0	0
2217389255	0	0	0	0	0	0
2217511264	0	0	0	0	0	0
2219064012	0	0	0	0	0	0
2219227283	0	0	0	0	0	0
2219800644	0	0	0	0	0	0
2231241171	0	0	0	0	0	0
2231296431	0	0	0	0	0	0
2231724507	0	0	0	0	0	0
2241275235	0	0	0	0	0	0
2247164142	0	0	0	0	0	0
2251304944	0	0	0	0	0	0
2253566775	0	0	0	0	0	0
2267310857	0	0	0	0	0	0
2273603747	0	0	0	0	0	0
2282258520	0	0	0	0	0	0
2282991915	0	0	0	0	0	0
2286457060	0	0	0	0	0	0
2286696572	0	0	0	0	0	0
2288652234	0	0	0	0	0	0
2294233591	0	0	0	0	0	0
2294650094	0	0	0	0	0	0
2297283717	0	0	0	0	0	0
2297493511	0	0	0	0	0	0
2301626242	0	0	0	0	0	0
2302787264	0	0	0	0	0	0
2305514834	0	0	0	0	0	0
2307736563	0	0	0	0	0	0
2309392464	0	0	0	0	0	0
2318413794	0	0	0	0	0	0
2322168320	0	0	0	0	0	0
2336169183	0	0	0	0	0	0
2359037744	0	0	0	0	0	0
2366098464	0	0	0	0	0	0
2368678562	0	0	0	0	0	0
2368746162	0	0	0	0	0	0
2376442895	0	0	0	0	0	0
2382356540	0	0	0	0	0	0
2385069490	0	0	0	0	0	0
2385077904	0	0	0	0	0	0
2390654513	0	0	0	0	0	0
2396286111	0	0	0	0	0	0
2397991440	0	0	0	0	0	0
2399301482	0	0	0	0	0	0
2409034375	0	0	0	0	0	0
2414492964	0	0	0	0	0	0
2419747327	0	0	0	0	0	0
2420331001	0	0	0	0	0	0
2421203193	0	0	0	0	0	0
2421208073	0	0	0	0	0	0
2423757750	0	0	0	0	0	0
2426309195	0	0	0	0	0	0
2428440643	0	0	0	0	0	0
2429847483	0	0	0	0	0	0
2435703477	0	0	0	0	0	0
2435727903	0	0	0	0	0	0
2436313222	0	0	0	0	0	0
2439854907	0	0	0	0	0	0
2441661772	0	0	0	0	0	0
2448184413	0	0	0	0	0	0
2451549504	0	0	0	0	0	0
2451667715	0	0	0	0	0	0
2451705144	0	0	0	0	0	0
2453801347	0	0	0	0	0	0
2459718987	0	0	0	0	0	0
2467783493	0	0	0	0	0	0
2469840975	0	0	0	0	0	0
2476006692	0	0	0	0	0	0
2484835381	0	0	0	0	0	0
2485565120	0	0	0	0	0	0
2493118952	0	0	0	0	0	0
2495327692	0	0	0	0	0	0
2496393764	0	0	0	0	0	0
2497028981	0	0	0	0	0	0
2505955900	0	0	0	0	0	0
2508899287	0	0	0	0	0	0
2512574061	0	0	0	0	0	0
2513522613	0	0	0	0	1	0
2516683113	0	0	0	0	0	0
2517830513	0	0	0	0	0	0
2518349655	0	0	0	0	0	0
2519379874	0	0	0	0	0	0
2519414790	0	0	0	0	0	0
2519732362	0	0	0	0	0	0
2520889334	0	0	0	0	0	0
2521766162	0	0	0	0	0	0
2537099500	0	0	0	0	0	0
2543598961	0	0	0	0	0	0
2545230535	0	0	0	0	0	0
2548127017	0	0	0	0	0	0
2550491047	0	0	0	0	0	0
2557586352	0	0	0	0	0	0
2576278033	0	0	0	0	0	0
2576867470	0	0	0	0	0	0
2589432731	0	0	0	0	0	0
2589463190	0	0	0	0	0	0
2595620092	0	0	0	0	0	0
2600645972	0	0	0	0	0	0
2602484450	0	0	0	0	0	0
2604354275	0	0	0	0	0	0
2608983881	0	0	0	0	0	0
2609640140	0	0	0	0	0	0
2610898374	0	0	0	0	0	0
2611030625	0	0	0	0	0	0
2613006173	0	0	0	0	0	0
2615850625	0	0	0	0	0	0
2619057517	0	0	0	0	0	0
2619130163	0	0	0	0	0	0
2619215692	0	0	0	0	0	0
2624215580	0	0	0	0	0	0
2625018254	0	0	0	0	0	0
2625098494	0	0	0	0	0	0
2626658043	0	0	0	0	0	0
2626682903	0	0	0	0	0	0
2626683933	0	0	0	0	0	0
2626689011	0	0	0	0	0	0
2626690453	0	0	0	0	0	0
2626697577	0	0	0	0	0	0
2626948743	0	0	0	0	0	0
2627323163	0	0	0	0	0	0
2633766381	0	0	0	0	0	0
2640565534	0	0	0	0	0	1
2641636423	0	0	0	0	0	0
2645996150	0	0	0	0	0	0
2646163860	0	0	0	0	0	0
2648157505	0	0	0	0	0	0
2648620405	0	0	0	0	0	0
2650257612	0	0	0	0	0	0
2650274624	0	0	0	0	0	0
2650922794	0	0	0	0	0	0
2651196052	0	0	0	0	0	0
2652162890	0	0	0	0	0	0
2654915197	0	0	0	0	0	0
2656829134	0	0	0	0	0	0
2657026753	0	0	0	0	0	0
2657550845	0	0	0	0	0	0
2663743715	0	0	0	0	0	0
2670125917	0	0	0	0	0	0
2673702334	0	0	0	0	0	0
2685579400	0	0	0	0	0	0
2686579097	0	0	0	0	0	0
2692255291	0	0	0	0	0	0
2701148474	0	0	0	0	0	0
2702985475	0	0	0	0	0	0
2703083495	0	0	0	0	0	0
2705688633	0	0	0	0	0	0
2708629577	0	0	0	0	0	0
2711307095	0	0	0	0	0	0
2711369471	0	0	0	0	0	0
2711373095	0	0	0	0	0	0
2712297332	0	0	0	0	0	0
2712860252	0	0	0	0	0	0
2713686834	0	0	0	0	0	0
2714257590	0	0	0	0	0	0
2719325441	0	0	0	0	0	0
2722387481	0	0	0	0	0	0
2722441930	0	0	0	0	0	0
2723620723	0	0	0	0	0	0
2723635982	0	0	0	0	0	0
2726601057	0	0	0	0	0	0
2729836251	0	0	0	0	0	0
2731146817	0	0	0	0	0	0
2732055990	0	0	0	0	0	0
2732509803	0	0	0	0	0	0
2737421304	0	0	0	0	0	0
2740317235	0	0	0	0	0	0
2740928150	0	0	0	0	0	0
2742964807	0	0	0	0	0	0
2752831922	0	0	1	0	0	0
2756133977	0	0	0	0	0	0
2757194940	0	0	0	0	0	0
2758336701	0	0	0	0	0	0
2760275217	0	0	0	0	0	0
2762663280	0	0	0	0	0	0
2772147951	0	0	0	0	0	0
2779530461	0	0	0	0	0	0
2780654600	0	0	0	0	0	0
2784078091	0	0	0	0	0	0
2791546850	0	0	0	0	0	0
2791879260	0	0	0	0	0	0
2794060445	0	0	0	0	0	0
2794215895	0	0	0	0	0	0
2794665971	0	0	0	0	0	0
2796073322	0	0	0	0	0	0
2796627290	0	0	0	0	0	0
2796802654	0	0	0	0	0	0
2802930744	0	0	0	0	0	0
2804610542	0	0	0	0	0	0
2805326271	0	0	0	0	0	0
2807684421	0	0	0	0	0	0
2811229670	0	0	0	0	0	0
2811535837	0	0	0	0	0	0
2813469294	0	0	0	0	0	0
2814948734	0	0	0	0	0	0
2816892483	0	0	0	0	0	0
2818638325	0	0	0	0	0	0
2823170691	0	0	0	0	0	0
2823417024	0	0	0	0	0	0
2829130665	0	0	0	0	0	0
2834527360	0	0	0	0	0	0
2835392520	0	0	0	0	0	0
2838324945	0	0	0	0	0	0
2840252665	0	0	0	0	0	0
2841054630	0	0	0	0	0	0
2848406842	0	0	0	1	0	0
2854735801	0	0	0	0	0	0
2856943142	0	0	0	0	0	0
2863636282	0	0	0	0	0	0
2871012475	0	0	0	0	0	0
2873202464	0	0	0	0	0	0
2880923225	0	0	0	0	0	0
2882083237	0	0	0	0	0	0
2885273312	0	0	0	0	0	0
2893351587	0	0	0	0	0	0
2894131574	0	0	0	0	0	0
2895287230	0	0	0	0	0	0
2904869231	0	0	0	0	0	0
2905597415	0	0	0	0	0	0
2907576527	0	0	0	0	0	0
2909406375	0	0	0	0	0	0
2916558967	0	0	0	0	0	0
2920964804	0	0	0	0	0	0
2921244020	0	0	0	0	0	0
2921244052	0	0	0	0	0	0
2922893803	0	0	0	0	0	0
2924853791	0	0	0	0	0	0
2927040120	0	0	0	0	0	0
2929743983	0	0	0	0	0	0
2934018990	0	0	0	0	0	0
2936928392	0	0	0	0	0	0
2939662322	0	0	0	0	0	0
2940306862	0	0	0	0	0	0
2950079471	0	0	0	0	0	0
2952435102	0	0	0	0	0	0
2958393353	0	0	0	0	0	0
2970036311	0	0	0	0	0	0
2970452952	0	0	0	0	0	0
2976236410	0	0	0	0	0	0
2978297680	0	0	0	0	0	0
2989711261	0	0	0	0	0	0
2991093430	0	0	0	0	0	0
2998067174	0	0	0	0	0	0
2998966864	0	0	0	0	0	0
3018242917	0	0	0	0	0	0
3041018631	0	0	0	0	0	0
3042505735	0	0	0	0	0	0
3056560531	0	0	0	0	0	0
3065331875	0	0	0	0	0	0
3082731712	0	0	0	0	0	0
3083673764	0	0	0	0	0	0
3085327787	0	0	0	0	0	0
3090409010	0	0	0	0	0	0
3090446140	0	0	0	0	0	0
3092386187	0	0	0	0	0	0
3097328157	0	0	0	0	0	0
3101945993	0	0	0	0	0	0
3106081485	0	0	0	0	0	0
3129516717	0	0	0	0	0	0
3136788225	0	0	0	0	0	0
3146413724	0	0	0	0	0	0
3148758435	0	0	0	0	0	0
3152908701	0	0	0	0	0	0
3154810532	0	0	0	0	0	0
3163159453	0	0	0	0	0	0
3163213212	0	0	0	0	0	0
3163859682	0	0	0	0	0	0
3167305545	0	0	0	0	0	0
3171948942	0	0	0	0	0	0
3174997853	0	0	0	0	0	0
3179407457	0	0	0	0	0	0
3189405031	0	0	0	0	0	0
3191534861	0	0	0	0	0	0
3191568265	0	0	0	0	0	0
3192229484	0	0	0	0	0	0
3193430923	0	0	0	0	0	0
3194192161	0	0	0	0	0	0
3198167840	0	0	0	0	0	0
3199893597	0	0	0	0	0	0
3200440947	0	0	0	0	0	0
3204658137	0	0	0	0	0	0
3206325802	0	0	0	0	0	0
3209618112	0	0	0	0	0	0
3210735725	0	0	0	0	0	0
3213060995	0	0	0	0	0	0
3214649904	0	0	0	0	0	0
3221914435	0	0	0	0	0	0
3222409142	0	0	0	0	0	0
3225022692	0	0	0	0	0	0
3234978620	0	0	0	0	0	0
3249453684	0	0	0	0	0	0
3253328830	0	0	0	0	0	0
3264689290	0	0	0	0	0	0
3276238870	0	0	0	0	0	0
3276810147	1	0	0	0	0	0
3283708002	0	0	0	0	0	0
3289097097	0	0	0	0	0	0
3300097505	0	0	0	0	0	0
3303810634	0	0	0	0	0	0
3305085281	0	0	0	0	0	0
3307175952	0	0	0	0	0	0
3314280193	0	0	0	0	0	0
3315542331	0	0	0	0	0	0
3323442082	0	0	0	0	0	0
3334839182	0	0	0	0	0	0
3351733370	0	0	0	0	0	0
3359309784	0	0	0	0	0	0
3368110604	0	0	0	0	0	0
3401191764	0	0	0	0	0	0
3419305134	0	0	0	0	0	0
3461350924	0	0	0	0	0	0
3464551694	0	0	0	0	0	0
3474574632	0	0	0	0	0	0
3517499214	0	0	0	0	0	0
3523916795	0	0	0	0	0	0
3538266147	0	0	0	0	0	0
3538621574	0	0	0	0	0	0
3538883541	0	0	0	0	0	0
3540631410	0	0	0	0	0	0
3541109237	0	0	0	0	0	0
3547430354	0	0	0	0	0	0
3553487927	0	0	0	0	0	0
3567056502	0	0	0	0	0	0
3611140305	0	0	0	0	0	0
3613440743	0	0	0	0	0	0
3633515512	0	0	0	0	0	0
3664122147	0	0	0	0	0	0
3670653167	1	0	0	0	0	0
3694919990	0	0	0	0	0	0
3702609717	0	0	0	0	0	0
3726449081	0	0	0	1	0	1
3730040331	0	0	0	0	0	0
3768854581	0	0	0	0	0	0
3788285987	0	0	0	0	0	0
3817188860	0	0	0	0	0	0
3825044959	0	0	0	0	0	0
3825083840	0	0	0	0	0	0
3833070073	0	0	0	0	0	0
3847782259	0	0	0	0	0	0
3859183304	0	0	0	0	0	0
3867177078	0	0	0	0	0	0
3881021356	0	0	0	0	0	0
3881023149	0	0	0	0	0	0
3888073849	0	0	0	0	0	0
3897355704	0	0	0	0	0	0
3898259747	0	0	0	0	0	0
3913887849	0	0	0	0	0	0
3913908806	0	0	0	0	0	0
3914131564	0	0	0	0	0	0
3920631851	0	0	0	0	0	0
3934035612	0	0	0	0	0	0
3938522262	0	0	0	0	0	0
3940460809	0	0	0	0	0	0
3943178392	0	0	0	0	0	0
3963155532	0	0	0	0	0	0
3966016723	0	0	0	0	0	0
3969876050	0	0	0	0	0	0
3970319509	0	0	0	0	0	0
3972488587	0	0	0	0	0	0
3982698971	0	0	0	0	0	0
3985527728	0	0	0	0	0	0
3986933335	0	0	0	0	0	0
5035129725	0	0	0	0	0	0
5040955225	0	0	0	0	0	0
5041262490	0	0	0	0	0	0
5042104968	0	0	0	0	0	0
5042478371	0	0	0	0	0	0
5059187293	0	0	0	0	0	0
5073481692	0	0	0	0	0	0
5075005632	0	0	0	0	0	0
5075056335	0	0	0	0	0	0
5076607678	0	0	0	0	0	0
5079349665	0	0	0	0	0	0
5083082187	0	0	0	0	0	0
5086594940	0	0	0	0	0	0
5088727174	0	0	0	0	0	0
5090636336	0	0	0	0	0	0
5095544206	0	0	0	0	0	0
5098547539	0	0	0	0	0	0
5101863971	0	0	0	0	0	0
5108139177	0	0	0	0	0	0
5111339189	0	0	0	0	0	0
5117168923	0	0	0	0	0	0
5125859452	0	0	0	0	0	0
5127225727	0	0	0	0	0	0
5131553839	0	0	0	0	0	0
5131587272	0	0	0	0	0	0
5137463751	0	0	0	0	0	0
5138579079	0	0	0	0	0	0
5141554987	0	0	0	0	0	0
5142633529	0	0	0	0	0	0
5144375221	0	0	0	0	0	0
5144723923	0	0	0	0	0	0
5150931617	0	0	0	0	0	0
5156251815	0	0	0	0	0	0
5166184780	0	0	0	0	0	0
5177358951	0	0	0	0	0	0
5191190515	0	0	0	0	0	0
5202542789	0	0	0	0	0	0
5205919794	0	0	0	0	0	0
5208724334	0	0	0	0	0	0
5212571993	0	0	0	0	0	0
5215952550	0	0	0	0	0	1
5217890053	0	0	0	0	0	0
5232055343	0	0	0	0	0	0
5242849168	0	0	0	0	0	0
5245080276	0	0	0	0	0	0
5249312330	0	0	0	0	0	0
5260456395	0	0	0	0	0	0
5263758728	0	0	0	0	0	0
5264641136	0	0	0	0	0	0
5269183639	0	0	0	0	0	0
5269265791	0	0	0	0	0	0
5269486200	0	0	0	0	0	0
5270275602	0	0	0	0	0	0
5278394717	0	0	0	0	0	0
5278427062	0	0	0	0	0	0
5297643799	0	0	0	0	0	0
5306156534	0	0	0	0	0	0
5316377831	0	0	0	0	0	0
5330077876	0	0	0	0	0	0
5330082337	0	0	0	0	0	0
5340823949	0	0	0	0	0	0
5340919261	0	0	0	0	0	0
5341832954	0	0	0	0	0	0
5343802312	0	0	0	0	0	0
5352788367	0	0	0	0	0	0
5362336233	0	0	0	0	0	0
5365994144	0	0	0	0	0	0
5385725310	0	0	0	0	0	0
5388584202	0	0	0	0	0	0
5426460093	0	0	0	0	0	0
5427040431	0	0	0	0	0	0
5448480859	1	0	0	0	0	0
5450093472	0	0	0	0	0	0
5452174546	0	0	0	0	0	0
5455490563	0	0	0	0	0	0
5466029816	0	0	0	0	0	0
5466592990	0	0	0	0	0	0
5468891022	0	0	0	0	0	0
5487426270	0	0	0	0	0	0
5490326028	0	0	0	0	0	0
5490641722	0	0	0	0	0	0
5498841630	0	0	0	0	0	0
5510622529	0	0	0	0	0	0
5512922997	0	0	0	0	0	0
5518629816	0	0	0	0	0	0
5530920153	0	0	0	0	0	0
5540466595	0	0	0	0	0	0
5540681648	0	0	0	0	0	0
5541345550	0	0	0	0	0	0
5541613374	0	0	0	0	0	0
5545165107	0	0	0	0	0	0
5546717665	0	0	0	0	0	0
5556631847	0	0	0	0	0	0
5556869758	0	0	0	0	0	0
5561157660	0	0	0	0	0	0
5562297500	0	0	0	0	0	0
5570345486	0	0	0	0	0	0
5575084454	0	0	0	0	0	0
5581363016	0	0	0	0	0	0
5585306684	0	0	0	0	0	0
5586771466	0	0	0	0	0	0
5593931611	0	0	0	0	0	0
5600029229	0	0	0	0	0	0
5601948311	0	0	0	0	0	0
5609949025	0	0	0	0	0	0
5613993790	0	0	0	0	0	0
5614453847	0	0	0	0	0	0
5616413326	0	0	0	0	0	0
5647938339	0	0	0	0	0	0
5649244896	0	0	0	0	0	0
5659237191	0	0	0	0	0	0
5661505070	0	0	0	0	0	0
5661962543	0	0	0	0	0	0
5662555038	0	0	0	0	0	0
5667272865	0	0	0	0	0	0
5671310355	0	0	0	0	0	0
5672212831	0	0	0	0	0	0
5672509786	0	0	0	0	0	0
5675449379	0	0	0	0	0	0
5675789231	0	0	0	0	0	0
5683860740	0	0	0	0	0	0
5685858421	0	0	0	0	0	0
5696628760	0	0	0	0	0	0
5699464819	0	0	0	0	0	0
5701560760	1	0	0	0	1	0
5701705494	0	0	0	0	0	0
5705372166	0	0	0	0	0	0
5716783177	0	0	0	0	0	0
5717651958	0	0	0	0	0	0
5727695436	0	0	0	0	0	0
5729126469	0	0	0	0	0	0
5732776759	0	0	0	0	0	0
5734938853	0	0	0	0	0	0
5735288397	0	0	0	0	0	0
5738118995	0	0	0	0	0	0
5742251187	0	0	0	0	0	0
5745465668	0	0	0	0	0	0
5745465714	0	0	0	0	0	0
5745465746	0	0	0	0	0	0
5745465801	0	0	0	0	0	0
5745465809	0	0	0	0	0	0
5745465818	0	0	0	0	0	0
5747171145	0	0	0	0	0	0
5747171149	0	0	0	0	0	0
5747171209	0	0	0	0	0	0
5747171211	0	0	0	0	0	0
5747171223	0	0	0	0	0	0
5747171241	0	0	0	0	0	0
5751573414	0	0	0	0	0	0
5756467581	0	0	0	0	0	0
5761843184	0	0	0	0	0	0
5763577473	0	0	0	0	0	0
5780974966	0	0	0	0	0	0
5785510365	0	0	0	0	0	0
5785689035	0	0	0	0	0	0
5792617656	0	0	0	0	0	0
5792803077	0	0	0	0	0	0
5795011847	0	0	0	0	0	0
5802853796	0	0	0	0	0	0
5810945254	0	0	0	0	0	0
5812136799	0	0	0	0	0	0
5815357128	0	0	0	0	0	0
5833583486	0	0	0	0	0	0
5853565016	0	0	0	0	0	0
5860114965	0	0	0	0	0	0
5860115721	0	0	0	0	0	0
5860115918	0	0	0	0	0	0
5860465636	0	0	0	0	0	0
5860465812	0	0	0	0	0	0
5865799720	0	0	0	0	0	0
5868150992	0	0	0	0	0	0
5869731230	0	0	0	0	0	0
5871697862	0	0	0	0	0	0
5871882880	0	0	0	0	0	0
5871915911	0	0	0	0	0	0
5872605952	0	0	0	0	0	0
5874421195	0	0	0	0	0	0
5879823459	0	0	0	0	0	0
5880895746	0	0	0	0	0	0
5886225740	0	0	0	0	0	0
5886288469	0	0	0	0	0	0
5886624365	0	0	0	0	0	0
5890114486	0	0	0	0	0	0
5896616568	0	0	0	0	0	0
5897718391	0	0	0	0	0	0
5897948226	0	0	0	0	0	0
5907262772	0	0	0	0	0	0
5907511965	0	0	0	0	0	0
5913360362	0	0	0	0	0	0
5917086703	0	0	0	0	0	0
5922754405	0	0	0	0	0	0
5934050272	0	0	0	0	0	0
5940597074	0	0	0	0	0	0
5948336939	0	0	0	0	0	0
5955516943	0	0	0	0	0	0
5981859607	0	0	0	0	0	0
5991771342	0	0	0	0	0	0
5992567630	0	0	0	0	0	0
5997529482	0	0	0	0	0	0
6002839365	0	0	0	0	0	0
6008648596	0	0	0	0	0	0
6011366089	0	0	0	0	0	0
6012171411	0	0	0	0	0	0
6012224021	0	0	0	0	0	0
6012801927	0	0	0	0	0	0
6043658718	0	0	0	0	0	0
6050943812	0	0	0	0	0	0
6085778395	0	1	0	0	0	0
user_id	0	0	0	0	0	0
1496959004	0	0	0	0	0	0
1759950835	0	0	0	0	0	0
1829767020	0	0	0	0	0	0
2112426042	0	0	0	0	0	0
5884263636	0	0	0	0	0	0
1036701494	0	0	0	0	0	0
1075376185	0	0	0	0	0	0
1147703514	0	0	0	0	0	1
1149123383	0	0	0	0	0	0
1164589025	0	0	0	0	0	1
1179630143	0	0	0	0	0	0
1199769167	1	0	0	0	0	1
1212208092	0	0	0	0	0	0
1216431741	0	0	0	0	0	0
1218639357	0	0	0	0	0	0
1219957677	0	0	0	0	0	0
1221407170	0	0	0	0	0	0
1225574955	0	0	0	0	0	0
1241909502	0	0	0	0	0	0
1242563970	0	2	0	0	0	1
1246529447	0	0	0	0	0	0
1251186131	1	0	0	0	0	2
1253268747	0	0	0	0	0	0
1262775115	0	1	0	0	0	0
1263478891	0	0	0	0	0	0
1277426872	0	0	0	0	0	0
1301913240	0	0	0	0	0	0
1354290737	0	0	0	0	0	0
1363456275	0	0	0	0	0	0
1398025082	0	0	0	0	0	0
1400398511	0	0	0	0	0	0
1401538444	0	0	0	0	0	0
1405823877	0	0	0	0	0	0
1406603113	0	0	0	0	0	0
1414132123	0	0	0	0	0	0
1426983034	0	0	0	0	0	1
1440996140	0	0	0	0	0	0
1446001560	0	0	0	0	0	0
1465827625	0	0	0	0	0	0
1478282890	0	0	0	0	0	0
1528394563	0	0	0	0	0	0
1534936623	0	0	0	0	0	0
1557392913	0	0	0	0	0	0
1573021601	0	0	0	0	0	0
1574520001	0	0	0	0	0	0
1580957991	1	0	0	0	0	3
1599441204	0	1	0	0	0	0
1603940827	0	0	0	0	0	0
1606263255	0	0	1	0	0	0
1607806944	1	0	0	0	0	1
1626506953	0	0	0	0	0	0
1629072852	0	0	0	0	0	0
1639508961	0	0	0	0	0	0
1642893707	0	0	0	0	0	0
1644288455	0	0	0	0	0	0
1646343160	0	0	0	1	0	1
1649211301	0	0	0	0	0	1
1658915013	0	0	0	0	0	0
1665349605	0	0	0	0	0	0
1678980455	0	0	0	0	0	0
1685012970	0	0	0	0	0	0
1686001015	0	0	0	0	0	0
1686823655	0	0	0	0	0	1
1688801713	0	0	0	0	0	0
1707256875	0	0	0	0	0	0
1719139713	0	0	0	0	0	0
1727330020	0	0	0	0	0	0
1732734883	0	0	0	0	0	0
1735616161	0	0	0	0	0	0
1736054365	0	0	0	0	0	0
1742121542	0	0	0	0	0	0
1744257311	0	0	0	0	0	0
1745813791	0	0	0	0	0	0
1750356705	0	0	0	0	0	1
1750762053	0	1	0	0	0	0
1758895582	0	0	0	0	0	0
1763716750	0	0	0	0	0	0
1766362445	0	0	0	0	0	0
1767702282	0	0	0	0	0	0
1770005762	0	1	0	0	0	0
1774041753	0	0	0	0	0	0
1781457032	0	0	0	0	0	0
1783681865	0	0	0	0	0	0
1788940134	0	0	0	0	0	1
1795617563	0	0	0	0	0	0
1798050592	0	0	0	0	0	0
1802581135	0	0	0	0	0	0
1804416382	0	0	0	0	0	0
1805406782	0	0	0	0	0	0
1815145485	0	0	0	0	0	0
1820662985	0	0	0	0	0	0
1821459587	0	0	0	0	0	0
1841021315	0	0	0	0	0	0
1856904492	0	0	0	0	0	0
1863424991	0	0	0	0	0	0
1868120090	0	0	0	0	0	0
1881036261	0	1	0	0	0	0
1895944731	0	0	0	0	0	0
1900433641	0	0	0	0	0	0
1908390487	0	0	0	0	0	0
1948641401	0	0	0	0	0	0
1988247561	0	0	0	0	0	0
1988524995	0	0	0	0	0	0
2041668063	0	0	0	0	0	0
2070047164	0	0	0	0	0	0
2091390311	0	0	0	0	0	0
2096267310	0	0	0	0	0	0
2214029370	0	0	0	0	0	0
2255881441	0	0	0	0	0	0
2351096732	0	0	0	0	0	0
2356612802	0	0	0	0	0	0
2373931260	0	0	0	0	0	0
2425203201	0	0	0	0	0	0
2480059701	0	0	0	0	0	0
2491474340	0	0	0	0	0	0
2552721372	0	0	0	0	0	0
2663455835	0	0	0	0	0	0
2772471805	0	0	0	0	0	0
2792163900	0	0	0	0	0	0
2810445594	0	0	0	0	0	0
2866869562	0	0	0	0	0	0
2903316485	0	0	0	0	0	0
2949327571	0	1	0	0	0	0
3002:1017146245	0	0	0	0	0	0
3002:1093869443	0	0	0	0	0	0
3002:1243602293	0	0	0	0	0	13
3002:1745271495	0	0	0	0	0	0
3002:1778166353	0	0	0	0	0	0
3002:1792277377	2	0	0	0	0	0
3002:1828817187	0	0	0	0	0	0
3002:1845725094	0	0	0	0	0	0
3002:1891935794	0	0	0	0	0	0
3002:1901943305	0	0	0	0	0	0
3002:1975394685	0	0	0	0	0	0
3002:2028754811	0	0	0	0	0	0
3002:2087942147	0	0	0	0	0	0
3002:2173813084	0	0	0	0	0	0
3002:2243494133	0	0	0	0	0	0
3002:2307292004	0	0	0	0	0	0
3002:2386868023	0	0	0	0	0	0
3002:2419747327	0	0	0	0	0	0
3002:2648620405	0	0	0	0	0	0
3002:2768561720	0	0	0	0	0	0
3002:2790630063	0	0	0	0	0	0
3002:2828579552	0	0	0	0	0	0
3002:3123139423	0	0	0	0	0	0
3002:3192229484	0	0	0	0	0	0
3002:3203426722	0	0	0	0	0	0
3002:3621181800	0	0	0	0	0	0
3002:5203214787	0	0	0	0	0	0
3002:5203395492	0	0	0	0	0	0
3002:5489650843	0	0	0	0	0	0
3002:5545500611	0	0	0	0	0	0
3002:5617021272	0	0	0	0	0	0
3002:5666611316	0	0	0	0	0	0
3002:5866128603	0	0	0	0	0	0
3002:5890337415	0	0	0	0	0	0
3002:5990978953	0	0	0	0	0	0
3002:6034165476	0	0	0	0	0	0
3002:6069858822	0	0	0	0	0	0
3002:6085757704	0	0	0	0	0	0
3002:6085757710	0	0	0	0	0	0
3002:6086152985	0	0	0	0	0	0
3226109541	0	0	0	0	0	0
3628368925	0	0	0	0	0	0
3945917804	0	0	0	0	0	0
3946154755	0	0	0	0	0	0
5251237195	0	0	0	0	0	0
5385519765	0	0	0	0	0	0
5394437071	0	0	0	0	0	0
5477320351	0	0	0	0	0	1
5616936990	0	0	0	0	0	0
5628495345	0	0	0	0	0	0
5669302379	0	0	0	0	0	0
5751949769	0	0	0	0	0	0
