user_id	其他	准妈妈	新生妈妈	幼儿妈妈
1002326754	1.0	0.0	0.0	0.0
1004853823	1.0	0.0	1.0	1.0
1005570772	1.0	0.0	0.0	0.0
1006205227	1.0	0.0	0.0	1.0
1013011303	4.0	0.0	3.0	1.0
1017146245	3.0	0.0	1.0	2.0
1027145634	2.0	0.0	0.0	1.0
1054096047	5.0	1.0	0.0	0.0
1083535803	1.0	0.0	0.0	0.0
1086782701	9.0	0.0	1.0	0.0
1109018731	6.0	1.0	3.0	2.0
1109564533	1.0	0.0	0.0	1.0
1132833700	5.0	0.0	2.0	0.0
1133946402	1.0	0.0	0.0	0.0
1141154105	3.0	0.0	2.0	1.0
1142208455	0.0	0.0	1.0	0.0
1143605707	5.0	0.0	6.0	1.0
1159402801	1.0	0.0	2.0	2.0
1162860657	10.0	0.0	4.0	4.0
1185441660	4.0	0.0	2.0	0.0
1191224527	2.0	0.0	0.0	2.0
1211113332	1.0	1.0	0.0	1.0
1215131765	6.0	0.0	3.0	2.0
1216388157	5.0	0.0	2.0	0.0
1218042552	1.0	0.0	0.0	0.0
1218957517	4.0	0.0	0.0	0.0
1227493664	9.0	0.0	4.0	4.0
1228977142	8.0	0.0	6.0	1.0
1229448154	2.0	0.0	0.0	1.0
1242290512	3.0	0.0	0.0	1.0
1243602293	2.0	0.0	0.0	2.0
1244062551	7.0	0.0	3.0	1.0
1246557331	1.0	0.0	0.0	1.0
1246792191	6.0	0.0	1.0	0.0
1250041105	1.0	0.0	0.0	1.0
1256947091	2.0	0.0	1.0	0.0
1268642527	0.0	0.0	1.0	0.0
1271958597	5.0	0.0	0.0	0.0
1276094724	5.0	0.0	1.0	0.0
1280981624	1.0	0.0	1.0	0.0
1283022704	3.0	0.0	0.0	0.0
1283658605	2.0	0.0	0.0	0.0
1285478591	3.0	0.0	1.0	1.0
1286659964	8.0	0.0	9.0	4.0
1288056483	3.0	0.0	2.0	1.0
1290700430	15.0	0.0	6.0	0.0
1299532580	2.0	0.0	1.0	0.0
1301043494	8.0	0.0	1.0	1.0
1301890202	2.0	0.0	1.0	0.0
1305807567	2.0	1.0	2.0	2.0
1326398921	7.0	0.0	1.0	0.0
1344280113	3.0	0.0	3.0	2.0
1391916660	1.0	0.0	0.0	0.0
1396626753	2.0	0.0	0.0	1.0
1400434093	4.0	0.0	0.0	0.0
1400776392	0.0	0.0	1.0	0.0
1400831884	4.0	0.0	1.0	0.0
1404214752	4.0	0.0	2.0	0.0
1404428062	1.0	0.0	1.0	0.0
1407940677	10.0	0.0	3.0	3.0
1411163204	1.0	0.0	1.0	1.0
1412779214	7.0	0.0	5.0	0.0
1412922410	4.0	0.0	1.0	1.0
1417037145	1.0	0.0	1.0	0.0
1419364883	3.0	0.0	0.0	0.0
1420174783	2.0	0.0	1.0	0.0
1421067881	4.0	0.0	1.0	1.0
1442720613	1.0	0.0	0.0	0.0
1452415622	13.0	1.0	10.0	4.0
1454064140	2.0	0.0	0.0	0.0
1455039933	1.0	0.0	0.0	1.0
1472934365	1.0	0.0	1.0	2.0
1492602474	4.0	1.0	1.0	1.0
1496825941	1.0	0.0	0.0	0.0
1496878501	1.0	0.0	0.0	0.0
1496913734	2.0	0.0	0.0	0.0
1496975384	1.0	0.0	1.0	0.0
1506088515	1.0	0.0	0.0	1.0
1506701434	2.0	0.0	0.0	0.0
1528274033	2.0	0.0	0.0	0.0
1534939700	2.0	0.0	1.0	1.0
1541940220	8.0	0.0	7.0	2.0
1547596314	1.0	0.0	0.0	1.0
1557303822	10.0	0.0	4.0	5.0
1558148043	2.0	0.0	0.0	0.0
1560021134	1.0	0.0	0.0	0.0
1568746614	4.0	0.0	3.0	2.0
1575326970	1.0	0.0	1.0	0.0
1576284783	1.0	0.0	0.0	0.0
1587060020	7.0	0.0	8.0	0.0
1591116392	2.0	0.0	2.0	0.0
1594646223	2.0	0.0	3.0	1.0
1606370777	11.0	0.0	12.0	3.0
1610025682	9.0	1.0	5.0	4.0
1616772137	2.0	0.0	0.0	0.0
1619699251	5.0	0.0	0.0	1.0
1619766521	1.0	0.0	4.0	2.0
1621894121	0.0	0.0	1.0	0.0
1622687475	7.0	1.0	4.0	0.0
1626002531	1.0	0.0	0.0	1.0
1635279123	3.0	0.0	3.0	0.0
1639132981	1.0	0.0	1.0	1.0
1642413147	7.0	0.0	4.0	8.0
1644587232	2.0	0.0	3.0	0.0
1647161640	0.0	0.0	1.0	1.0
1647263235	1.0	0.0	2.0	1.0
1652194081	0.0	0.0	1.0	0.0
1653957693	1.0	0.0	0.0	0.0
1655370347	0.0	1.0	0.0	0.0
1655488792	6.0	0.0	6.0	1.0
1655507255	3.0	0.0	0.0	1.0
1655665171	8.0	0.0	0.0	0.0
1657764041	4.0	0.0	3.0	9.0
1658537731	2.0	0.0	1.0	2.0
1658988854	3.0	0.0	1.0	0.0
1662475182	2.0	0.0	1.0	0.0
1667918954	6.0	1.0	2.0	4.0
1668368147	4.0	0.0	1.0	0.0
1669024582	3.0	0.0	5.0	4.0
1671890613	2.0	0.0	0.0	0.0
1674427277	6.0	0.0	3.0	1.0
1678613514	2.0	0.0	1.0	0.0
1679113281	2.0	1.0	1.0	2.0
1682454721	0.0	0.0	1.0	0.0
1683010871	0.0	0.0	2.0	1.0
1683969397	0.0	0.0	1.0	0.0
1684388950	2.0	0.0	1.0	0.0
1686815607	0.0	0.0	1.0	0.0
1687505121	0.0	0.0	1.0	1.0
1688537010	1.0	0.0	3.0	1.0
1691380954	1.0	0.0	0.0	0.0
1694870611	0.0	0.0	0.0	1.0
1698255955	13.0	0.0	5.0	6.0
1700651435	1.0	0.0	3.0	1.0
1703827633	1.0	0.0	1.0	0.0
1703924001	4.0	0.0	3.0	0.0
1707427294	0.0	0.0	1.0	0.0
1711646255	7.0	0.0	1.0	1.0
1714810430	0.0	0.0	1.0	0.0
1717421891	1.0	0.0	3.0	0.0
1718328651	3.0	0.0	2.0	1.0
1718836754	3.0	0.0	3.0	2.0
1721825977	9.0	0.0	1.0	0.0
1723559567	0.0	0.0	1.0	0.0
1730714982	1.0	0.0	0.0	0.0
1732475425	3.0	0.0	1.0	1.0
1733672487	3.0	0.0	0.0	0.0
1738283175	0.0	0.0	2.0	0.0
1738605643	5.0	2.0	11.0	0.0
1739037923	3.0	0.0	1.0	0.0
1742703365	1.0	0.0	0.0	0.0
1742942263	1.0	0.0	0.0	0.0
1743734335	6.0	0.0	4.0	0.0
1744093477	1.0	1.0	0.0	0.0
1744691061	3.0	0.0	0.0	0.0
1745271495	1.0	0.0	0.0	0.0
1745573472	0.0	0.0	2.0	0.0
1747790171	1.0	0.0	0.0	0.0
1748631042	3.0	0.0	2.0	2.0
1750016637	1.0	0.0	0.0	0.0
1750270991	0.0	0.0	1.0	0.0
1750529573	3.0	0.0	0.0	0.0
1751854682	2.0	0.0	0.0	2.0
1752162633	2.0	0.0	1.0	0.0
1756667731	0.0	0.0	1.0	0.0
1758476561	1.0	0.0	0.0	1.0
1758486721	2.0	0.0	3.0	3.0
1761326072	1.0	1.0	2.0	1.0
1764226841	0.0	0.0	1.0	0.0
1764551190	3.0	0.0	1.0	2.0
1764591442	0.0	0.0	0.0	1.0
1764822552	0.0	0.0	2.0	0.0
1766499067	2.0	0.0	2.0	2.0
1768227670	1.0	0.0	1.0	0.0
1772440677	1.0	0.0	2.0	0.0
1773129131	2.0	2.0	1.0	0.0
1773967712	3.0	0.0	3.0	1.0
1774168531	1.0	0.0	0.0	0.0
1774501890	0.0	0.0	0.0	1.0
1774676624	1.0	0.0	0.0	0.0
1775019491	3.0	1.0	1.0	0.0
1775979645	1.0	0.0	0.0	0.0
1776099801	3.0	0.0	2.0	2.0
1776173037	2.0	0.0	0.0	0.0
1778166353	2.0	0.0	0.0	0.0
1781188483	1.0	0.0	0.0	0.0
1783982957	0.0	0.0	2.0	0.0
1784871365	0.0	0.0	2.0	0.0
1787086511	1.0	0.0	1.0	1.0
1792277377	10.0	0.0	9.0	0.0
1794572275	0.0	0.0	1.0	0.0
1800611161	0.0	0.0	1.0	0.0
1801424604	2.0	0.0	0.0	0.0
1801831432	5.0	0.0	2.0	4.0
1801999762	0.0	0.0	1.0	0.0
1802079307	2.0	0.0	1.0	3.0
1807134561	0.0	0.0	1.0	0.0
1807419844	1.0	0.0	1.0	0.0
1809715501	0.0	0.0	1.0	0.0
1813634662	1.0	0.0	0.0	0.0
1820731083	3.0	0.0	1.0	0.0
1821863225	1.0	0.0	1.0	0.0
1824112953	5.0	1.0	2.0	4.0
1826043543	4.0	0.0	0.0	0.0
1826643727	1.0	0.0	0.0	0.0
1829280943	2.0	0.0	0.0	0.0
1829604760	2.0	0.0	1.0	1.0
1829870212	1.0	0.0	5.0	0.0
1830138345	0.0	0.0	0.0	1.0
1834767380	1.0	0.0	0.0	0.0
1835574314	3.0	0.0	2.0	0.0
1836430855	1.0	0.0	0.0	0.0
1839665285	3.0	0.0	4.0	0.0
1839673641	6.0	0.0	0.0	0.0
1844459971	7.0	0.0	1.0	2.0
1845725094	1.0	0.0	0.0	0.0
1848322945	1.0	0.0	2.0	1.0
1850679395	2.0	0.0	0.0	1.0
1851524785	3.0	0.0	0.0	0.0
1852398985	3.0	0.0	2.0	0.0
1854627907	1.0	0.0	1.0	0.0
1855335174	1.0	0.0	0.0	0.0
1857150145	2.0	0.0	1.0	0.0
1857414070	1.0	0.0	0.0	0.0
1857570982	2.0	0.0	2.0	5.0
1862929910	2.0	0.0	0.0	0.0
1863089382	1.0	0.0	0.0	1.0
1866149335	3.0	0.0	0.0	0.0
1866402485	1.0	0.0	0.0	0.0
1868478315	0.0	0.0	1.0	0.0
1870366211	6.0	0.0	3.0	0.0
1870405371	9.0	1.0	3.0	2.0
1871956515	1.0	0.0	0.0	0.0
1880566337	2.0	0.0	0.0	0.0
1885179197	4.0	0.0	2.0	0.0
1887262740	0.0	0.0	1.0	1.0
1889377232	1.0	0.0	0.0	0.0
1889728690	1.0	0.0	0.0	0.0
1890551363	1.0	0.0	0.0	0.0
1891935794	6.0	0.0	1.0	4.0
1893410897	1.0	0.0	1.0	1.0
1893826915	0.0	0.0	0.0	1.0
1894059162	3.0	0.0	3.0	0.0
1894287893	2.0	0.0	0.0	1.0
1899782201	1.0	0.0	3.0	2.0
1901943305	1.0	0.0	1.0	2.0
1906114713	2.0	0.0	1.0	0.0
1906604475	0.0	0.0	1.0	0.0
1907244354	7.0	0.0	0.0	5.0
1907252570	1.0	0.0	1.0	0.0
1907542963	1.0	0.0	0.0	0.0
1914170245	0.0	1.0	1.0	1.0
1919114090	1.0	0.0	0.0	0.0
1921868697	1.0	0.0	0.0	0.0
1925950032	1.0	0.0	0.0	0.0
1927564525	0.0	0.0	1.0	0.0
1930072831	1.0	0.0	1.0	0.0
1930227130	12.0	1.0	3.0	1.0
1933895942	3.0	0.0	2.0	0.0
1935591865	5.0	0.0	3.0	0.0
1935671631	2.0	0.0	0.0	3.0
1938549413	6.0	0.0	4.0	2.0
1938793465	5.0	0.0	4.0	2.0
1944272797	4.0	0.0	1.0	1.0
1944554947	1.0	0.0	0.0	0.0
1945390842	1.0	0.0	2.0	2.0
1945805232	2.0	0.0	1.0	0.0
1955292790	1.0	0.0	0.0	1.0
1960499323	2.0	0.0	2.0	1.0
1965617182	3.0	0.0	0.0	0.0
1965681503	1.0	0.0	0.0	0.0
1968827877	1.0	0.0	0.0	1.0
1971890324	4.0	0.0	0.0	0.0
1974152033	0.0	0.0	1.0	0.0
1975394685	1.0	0.0	2.0	0.0
1976798673	0.0	0.0	0.0	1.0
1980465571	0.0	0.0	0.0	1.0
1980923321	1.0	0.0	0.0	0.0
1982163497	2.0	0.0	3.0	0.0
1982718541	1.0	0.0	0.0	0.0
1984862383	2.0	0.0	2.0	0.0
1986866281	8.0	0.0	15.0	11.0
1989536301	6.0	1.0	2.0	0.0
1990821721	7.0	0.0	6.0	3.0
1991194723	1.0	0.0	1.0	0.0
1999393467	0.0	0.0	1.0	0.0
2000363391	2.0	0.0	0.0	0.0
2012579967	8.0	0.0	2.0	2.0
2017335643	4.0	0.0	4.0	2.0
2019094113	4.0	0.0	2.0	3.0
2019247717	1.0	0.0	4.0	0.0
2019486951	5.0	0.0	3.0	0.0
2023791210	1.0	0.0	0.0	0.0
2025994775	0.0	0.0	0.0	1.0
2026014915	15.0	0.0	7.0	7.0
2028754811	4.0	0.0	2.0	0.0
2029606437	1.0	0.0	1.0	0.0
2034029294	9.0	0.0	0.0	1.0
2034192292	3.0	0.0	1.0	0.0
2040119035	2.0	0.0	0.0	0.0
2047613403	1.0	0.0	0.0	0.0
2051673801	10.0	1.0	4.0	8.0
2053807061	3.0	1.0	2.0	0.0
2054793217	3.0	0.0	0.0	1.0
2055410091	0.0	0.0	0.0	2.0
2056382103	2.0	0.0	1.0	0.0
2067756135	1.0	0.0	1.0	1.0
2070310990	5.0	0.0	1.0	3.0
2072631987	3.0	0.0	2.0	1.0
2073040423	11.0	0.0	5.0	3.0
2073980054	2.0	0.0	2.0	0.0
2074370833	1.0	0.0	1.0	0.0
2080259373	0.0	0.0	1.0	0.0
2087942147	3.0	0.0	2.0	2.0
2092032733	4.0	0.0	0.0	0.0
2099079752	2.0	1.0	3.0	3.0
2102711012	1.0	0.0	6.0	1.0
2106202530	3.0	0.0	1.0	0.0
2115176080	3.0	0.0	0.0	0.0
2115304994	1.0	0.0	0.0	0.0
2116182794	1.0	0.0	1.0	1.0
2122233441	3.0	0.0	1.0	2.0
2127461751	1.0	0.0	1.0	0.0
2129572704	0.0	0.0	1.0	0.0
2137637745	4.0	0.0	1.0	1.0
2137765880	1.0	0.0	0.0	0.0
2138876990	1.0	1.0	1.0	2.0
2141934923	2.0	0.0	0.0	0.0
2144576481	0.0	0.0	1.0	0.0
2145304743	4.0	0.0	5.0	1.0
2146525962	2.0	0.0	1.0	1.0
2147543547	1.0	0.0	0.0	0.0
2148626094	5.0	0.0	3.0	0.0
2152724294	0.0	0.0	1.0	0.0
2152760185	8.0	0.0	1.0	0.0
2154212385	2.0	0.0	1.0	0.0
2154547207	4.0	0.0	0.0	0.0
2154583655	1.0	0.0	0.0	1.0
2155138921	6.0	0.0	2.0	3.0
2156166350	2.0	0.0	0.0	0.0
2165398790	3.0	0.0	1.0	2.0
2173500134	1.0	1.0	2.0	2.0
2173813084	2.0	0.0	2.0	1.0
2175842925	5.0	0.0	4.0	2.0
2176645133	1.0	0.0	0.0	0.0
2184728493	2.0	0.0	1.0	0.0
2185104815	1.0	0.0	0.0	0.0
2185432195	7.0	0.0	3.0	0.0
2185636134	0.0	0.0	2.0	0.0
2189608911	1.0	0.0	0.0	0.0
2203045151	3.0	0.0	0.0	0.0
2206430561	0.0	0.0	1.0	0.0
2212311917	2.0	0.0	1.0	1.0
2212518065	5.0	0.0	2.0	1.0
2213549100	5.0	0.0	2.0	2.0
2214542774	5.0	0.0	2.0	3.0
2217511264	3.0	0.0	4.0	0.0
2219227283	3.0	0.0	0.0	0.0
2219800644	2.0	0.0	1.0	0.0
2231241171	0.0	0.0	1.0	0.0
2231296431	1.0	0.0	0.0	0.0
2231724507	2.0	0.0	1.0	0.0
2243494133	2.0	1.0	4.0	1.0
2247164142	3.0	0.0	0.0	1.0
2253566775	1.0	0.0	1.0	0.0
2282258520	2.0	1.0	0.0	0.0
2282991915	1.0	0.0	1.0	0.0
2286457060	4.0	0.0	3.0	3.0
2286696572	6.0	0.0	0.0	0.0
2292092920	1.0	0.0	1.0	0.0
2293632164	1.0	0.0	0.0	0.0
2294650094	9.0	0.0	3.0	1.0
2296604561	0.0	0.0	1.0	1.0
2297283717	1.0	0.0	0.0	0.0
2297493511	0.0	0.0	1.0	0.0
2301626242	2.0	0.0	1.0	3.0
2305514834	5.0	0.0	1.0	2.0
2307292004	0.0	0.0	1.0	0.0
2307736563	3.0	0.0	0.0	2.0
2309392464	1.0	0.0	1.0	0.0
2318413794	5.0	0.0	0.0	0.0
2322168320	1.0	0.0	0.0	0.0
2336169183	0.0	0.0	1.0	0.0
2366098464	4.0	0.0	0.0	1.0
2368678562	1.0	0.0	0.0	0.0
2368746162	1.0	0.0	0.0	0.0
2376442895	1.0	0.0	0.0	1.0
2376651642	1.0	0.0	1.0	0.0
2382356540	1.0	0.0	0.0	0.0
2385069490	0.0	0.0	1.0	0.0
2397991440	2.0	0.0	0.0	0.0
2399301482	1.0	0.0	2.0	0.0
2409034375	2.0	0.0	1.0	0.0
2419747327	4.0	0.0	2.0	0.0
2421203193	1.0	0.0	0.0	0.0
2423757750	0.0	0.0	1.0	0.0
2426309195	3.0	0.0	1.0	0.0
2428440643	0.0	0.0	1.0	0.0
2429847483	1.0	0.0	1.0	0.0
2436313222	4.0	0.0	0.0	0.0
2439854907	2.0	1.0	3.0	0.0
2448184413	1.0	0.0	1.0	0.0
2451549504	1.0	0.0	0.0	0.0
2451667715	5.0	1.0	2.0	3.0
2453801347	3.0	0.0	3.0	2.0
2457872727	4.0	0.0	5.0	0.0
2469840975	3.0	0.0	2.0	1.0
2483317713	2.0	1.0	1.0	0.0
2484835381	2.0	0.0	0.0	0.0
2485565120	1.0	0.0	0.0	0.0
2486600300	1.0	0.0	0.0	0.0
2493118952	2.0	0.0	0.0	0.0
2496393764	2.0	0.0	3.0	0.0
2505955900	1.0	0.0	0.0	0.0
2508899287	5.0	0.0	0.0	1.0
2512574061	1.0	0.0	0.0	0.0
2513522613	5.0	0.0	0.0	2.0
2516683113	0.0	0.0	1.0	0.0
2518349655	0.0	0.0	1.0	0.0
2519379874	1.0	0.0	0.0	0.0
2519414790	0.0	0.0	1.0	0.0
2519732362	1.0	0.0	1.0	0.0
2520889334	4.0	1.0	1.0	0.0
2537099500	1.0	0.0	0.0	0.0
2543598961	14.0	0.0	1.0	0.0
2545230535	1.0	0.0	3.0	1.0
2548127017	5.0	0.0	2.0	6.0
2550491047	2.0	0.0	0.0	0.0
2557586352	3.0	0.0	0.0	0.0
2576278033	1.0	0.0	2.0	0.0
2589432731	0.0	0.0	0.0	1.0
2589463190	8.0	0.0	3.0	5.0
2595620092	3.0	0.0	3.0	0.0
2600645972	9.0	0.0	4.0	0.0
2608983881	2.0	0.0	0.0	0.0
2609640140	8.0	0.0	3.0	2.0
2610898374	1.0	0.0	0.0	1.0
2611030625	1.0	0.0	0.0	0.0
2613006173	1.0	0.0	0.0	0.0
2614187173	1.0	0.0	1.0	0.0
2615850625	1.0	0.0	0.0	0.0
2619057517	3.0	0.0	0.0	0.0
2619215692	2.0	0.0	0.0	1.0
2624215580	7.0	1.0	2.0	1.0
2625098494	3.0	0.0	0.0	1.0
2626658043	1.0	0.0	1.0	0.0
2626682903	6.0	0.0	1.0	0.0
2626683933	3.0	1.0	4.0	2.0
2626689011	2.0	0.0	4.0	2.0
2626690453	2.0	0.0	5.0	2.0
2626697577	8.0	0.0	3.0	3.0
2633766381	1.0	0.0	1.0	0.0
2640565534	1.0	0.0	1.0	0.0
2641636423	2.0	0.0	1.0	0.0
2648620405	5.0	0.0	6.0	5.0
2650274624	1.0	0.0	0.0	0.0
2651196052	1.0	0.0	0.0	0.0
2654915197	3.0	2.0	5.0	2.0
2656829134	2.0	0.0	0.0	0.0
2657026753	0.0	0.0	1.0	0.0
2657550845	1.0	0.0	0.0	1.0
2685579400	4.0	0.0	3.0	3.0
2692255291	1.0	0.0	0.0	0.0
2694160764	4.0	0.0	3.0	0.0
2701583622	1.0	0.0	1.0	0.0
2702985475	1.0	0.0	1.0	0.0
2703083495	3.0	0.0	1.0	1.0
2705688633	4.0	1.0	1.0	2.0
2708629577	0.0	0.0	0.0	2.0
2709577332	1.0	0.0	1.0	0.0
2711369471	1.0	0.0	0.0	0.0
2712297332	1.0	0.0	0.0	0.0
2713686834	1.0	0.0	0.0	0.0
2714257590	1.0	0.0	0.0	0.0
2722387481	4.0	0.0	0.0	0.0
2723620723	0.0	0.0	1.0	0.0
2726601057	2.0	0.0	0.0	0.0
2731146817	4.0	0.0	2.0	1.0
2732509803	1.0	0.0	0.0	0.0
2737421304	4.0	0.0	2.0	4.0
2738860822	0.0	0.0	0.0	1.0
2740317235	3.0	0.0	2.0	0.0
2742964807	2.0	0.0	3.0	0.0
2744991144	0.0	0.0	2.0	1.0
2752831922	4.0	0.0	4.0	1.0
2756133977	4.0	0.0	3.0	0.0
2757194940	0.0	0.0	1.0	0.0
2758336701	0.0	0.0	3.0	0.0
2760275217	2.0	0.0	0.0	0.0
2768561720	0.0	0.0	1.0	0.0
2772147951	1.0	0.0	0.0	1.0
2779530461	0.0	0.0	1.0	0.0
2780654600	4.0	0.0	7.0	3.0
2783769922	3.0	0.0	1.0	2.0
2784078091	7.0	0.0	4.0	4.0
2790630063	1.0	0.0	1.0	0.0
2791546850	1.0	0.0	0.0	0.0
2791879260	3.0	0.0	3.0	2.0
2794215895	2.0	0.0	1.0	0.0
2796073322	5.0	0.0	7.0	3.0
2802930744	6.0	0.0	4.0	2.0
2805326271	1.0	0.0	0.0	0.0
2807684421	1.0	0.0	0.0	0.0
2811229670	1.0	0.0	1.0	0.0
2811535837	3.0	1.0	1.0	0.0
2814948734	4.0	0.0	3.0	1.0
2818638325	7.0	1.0	3.0	2.0
2823417024	2.0	0.0	1.0	0.0
2828207064	3.0	0.0	3.0	2.0
2829130665	4.0	0.0	0.0	0.0
2834527360	1.0	0.0	0.0	0.0
2838324945	4.0	0.0	6.0	0.0
2840252665	1.0	1.0	0.0	1.0
2841054630	0.0	0.0	0.0	1.0
2848406842	4.0	0.0	6.0	5.0
2856943142	1.0	0.0	0.0	0.0
2863636282	3.0	0.0	1.0	2.0
2871012475	2.0	0.0	1.0	0.0
2885273312	5.0	0.0	5.0	3.0
2895287230	6.0	0.0	3.0	1.0
2904316202	1.0	0.0	0.0	0.0
2904869231	4.0	0.0	1.0	0.0
2905597415	0.0	0.0	1.0	0.0
2907576527	1.0	0.0	0.0	0.0
2920964804	1.0	0.0	0.0	0.0
2921244020	4.0	1.0	3.0	1.0
2921244052	2.0	0.0	4.0	0.0
2922893803	2.0	0.0	1.0	1.0
2934018990	1.0	0.0	0.0	0.0
2939662322	1.0	0.0	0.0	0.0
2940306862	2.0	0.0	3.0	0.0
2950079471	3.0	0.0	1.0	0.0
2970452952	1.0	0.0	0.0	0.0
2978297680	3.0	0.0	2.0	1.0
2989711261	2.0	0.0	0.0	0.0
2991093430	4.0	0.0	3.0	2.0
3041018631	0.0	0.0	0.0	1.0
3056560531	4.0	0.0	0.0	0.0
3063262651	0.0	0.0	1.0	1.0
3083673764	1.0	0.0	1.0	0.0
3090409010	4.0	0.0	1.0	0.0
3090446140	8.0	0.0	3.0	0.0
3092386187	1.0	0.0	0.0	0.0
3097328157	1.0	0.0	0.0	0.0
3105995457	7.0	1.0	3.0	5.0
3106081485	1.0	0.0	0.0	0.0
3123139423	1.0	1.0	1.0	1.0
3136788225	1.0	0.0	0.0	0.0
3144514582	0.0	0.0	1.0	0.0
3146413724	1.0	0.0	0.0	0.0
3148758435	1.0	0.0	0.0	0.0
3152908701	6.0	0.0	0.0	1.0
3163159453	9.0	0.0	5.0	4.0
3163213212	1.0	0.0	0.0	0.0
3163859682	4.0	0.0	1.0	1.0
3166400590	0.0	0.0	1.0	0.0
3171948942	1.0	0.0	1.0	0.0
3174997853	1.0	0.0	1.0	0.0
3175704507	2.0	0.0	2.0	0.0
3179407457	3.0	0.0	1.0	1.0
3182354683	3.0	0.0	8.0	2.0
3189405031	1.0	0.0	0.0	0.0
3191534861	1.0	0.0	0.0	0.0
3192416142	1.0	0.0	0.0	0.0
3198167840	2.0	0.0	1.0	2.0
3199893597	5.0	1.0	2.0	0.0
3203139555	3.0	2.0	5.0	3.0
3203426722	2.0	0.0	2.0	0.0
3206325802	2.0	0.0	2.0	4.0
3210735725	6.0	1.0	0.0	0.0
3213060995	3.0	0.0	7.0	1.0
3214649904	1.0	0.0	0.0	0.0
3221914435	3.0	0.0	1.0	0.0
3234978620	4.0	0.0	0.0	0.0
3276238870	1.0	0.0	1.0	0.0
3276810147	2.0	0.0	2.0	1.0
3283708002	0.0	0.0	1.0	0.0
3289097097	1.0	0.0	0.0	0.0
3294848175	1.0	0.0	0.0	0.0
3300097505	1.0	0.0	2.0	0.0
3303810634	2.0	0.0	2.0	1.0
3305085281	0.0	0.0	1.0	0.0
3307175952	6.0	1.0	0.0	2.0
3315542331	5.0	0.0	1.0	2.0
3330370692	1.0	0.0	0.0	0.0
3334839182	0.0	0.0	7.0	0.0
3345937850	7.0	0.0	5.0	0.0
3359309784	8.0	0.0	3.0	0.0
3368110604	6.0	0.0	4.0	1.0
3419305134	1.0	0.0	0.0	0.0
3461350924	1.0	0.0	1.0	0.0
3464551694	3.0	0.0	2.0	3.0
3474574632	4.0	0.0	1.0	1.0
3523916795	2.0	0.0	0.0	0.0
3538266147	0.0	0.0	1.0	1.0
3538621574	2.0	0.0	2.0	1.0
3538883541	8.0	1.0	0.0	1.0
3540631410	5.0	0.0	1.0	0.0
3547430354	5.0	0.0	4.0	0.0
3553487927	5.0	0.0	3.0	0.0
3562668795	3.0	0.0	1.0	1.0
3567056502	0.0	0.0	2.0	2.0
3613440743	1.0	0.0	0.0	0.0
3621181800	11.0	0.0	6.0	5.0
3670653167	4.0	1.0	3.0	2.0
3693215784	1.0	0.0	0.0	0.0
3694919990	3.0	0.0	0.0	0.0
3726449081	7.0	1.0	8.0	3.0
3730040331	1.0	0.0	2.0	2.0
3740190167	0.0	0.0	3.0	3.0
3741440000	1.0	0.0	4.0	1.0
3768854581	4.0	1.0	2.0	6.0
3825044959	1.0	0.0	2.0	0.0
3825083840	2.0	1.0	0.0	0.0
3859183304	0.0	0.0	2.0	0.0
3867177078	3.0	0.0	7.0	0.0
3881023149	0.0	0.0	1.0	1.0
3898259747	1.0	0.0	0.0	0.0
3913887849	1.0	0.0	0.0	0.0
3913908806	2.0	0.0	1.0	1.0
3920631851	1.0	0.0	0.0	0.0
3920678309	3.0	0.0	4.0	4.0
3938522262	6.0	1.0	4.0	1.0
3940460809	6.0	0.0	1.0	1.0
3963155532	3.0	0.0	3.0	0.0
3966016723	0.0	0.0	1.0	0.0
3969876050	1.0	0.0	2.0	0.0
3970319509	13.0	0.0	1.0	2.0
3972488587	4.0	0.0	1.0	1.0
3982698971	3.0	0.0	0.0	1.0
3985527728	1.0	0.0	0.0	2.0
5035129725	6.0	0.0	8.0	5.0
5040955225	0.0	0.0	1.0	0.0
5041262490	1.0	0.0	0.0	0.0
5059187293	1.0	0.0	1.0	0.0
5073481692	5.0	0.0	4.0	2.0
5075005632	2.0	0.0	1.0	0.0
5076607678	0.0	0.0	1.0	0.0
5079349665	1.0	0.0	0.0	1.0
5083082187	5.0	0.0	4.0	0.0
5086594940	3.0	0.0	2.0	0.0
5088727174	1.0	0.0	0.0	0.0
5095544206	2.0	0.0	1.0	0.0
5108139177	0.0	0.0	1.0	0.0
5117168923	3.0	0.0	2.0	3.0
5125859452	1.0	0.0	0.0	0.0
5127225727	1.0	0.0	0.0	0.0
5131553839	2.0	0.0	0.0	0.0
5131587272	1.0	0.0	1.0	0.0
5137463751	11.0	0.0	3.0	5.0
5141554987	4.0	1.0	2.0	1.0
5143990099	1.0	0.0	0.0	0.0
5144375221	1.0	0.0	1.0	0.0
5166184780	1.0	0.0	0.0	0.0
5177358951	1.0	0.0	0.0	0.0
5202542789	12.0	0.0	1.0	1.0
5203214787	4.0	0.0	2.0	1.0
5203395492	1.0	0.0	2.0	0.0
5203557497	3.0	0.0	7.0	2.0
5203904597	1.0	0.0	5.0	3.0
5205919794	2.0	0.0	0.0	0.0
5208724334	0.0	0.0	1.0	4.0
5212571993	0.0	0.0	1.0	0.0
5215952550	8.0	0.0	4.0	1.0
5242360341	3.0	0.0	5.0	0.0
5242849168	2.0	0.0	0.0	0.0
5245080276	8.0	0.0	4.0	2.0
5249312330	5.0	0.0	3.0	4.0
5263758728	3.0	0.0	3.0	0.0
5264641136	0.0	0.0	1.0	0.0
5269183639	1.0	0.0	0.0	0.0
5269486200	4.0	0.0	3.0	0.0
5270275602	1.0	0.0	1.0	0.0
5278394717	5.0	0.0	0.0	1.0
5297643799	2.0	0.0	0.0	1.0
5316377831	9.0	0.0	5.0	2.0
5330077876	1.0	0.0	3.0	1.0
5330082337	1.0	0.0	0.0	0.0
5340823949	1.0	1.0	1.0	2.0
5340919261	7.0	2.0	1.0	0.0
5341561206	0.0	0.0	2.0	0.0
5365994144	3.0	0.0	2.0	1.0
5388584202	2.0	0.0	1.0	1.0
5427040431	2.0	0.0	0.0	1.0
5448480859	0.0	0.0	1.0	0.0
5452174546	2.0	0.0	3.0	2.0
5455490563	4.0	0.0	3.0	2.0
5463363021	4.0	0.0	4.0	1.0
5466029816	0.0	0.0	1.0	0.0
5468891022	9.0	0.0	1.0	0.0
5471196873	3.0	1.0	3.0	0.0
5489650843	2.0	0.0	1.0	0.0
5490641722	1.0	0.0	0.0	2.0
5498841630	1.0	0.0	4.0	0.0
5510622529	0.0	0.0	1.0	0.0
5512922997	1.0	0.0	0.0	0.0
5518629816	4.0	0.0	1.0	0.0
5540466595	1.0	0.0	0.0	0.0
5540681648	3.0	0.0	1.0	1.0
5545500611	0.0	0.0	2.0	3.0
5546717665	2.0	0.0	2.0	0.0
5561157660	4.0	0.0	1.0	2.0
5562297500	4.0	0.0	0.0	2.0
5570345486	5.0	0.0	3.0	2.0
5575084454	4.0	0.0	4.0	3.0
5586771466	1.0	0.0	0.0	0.0
5593931611	1.0	0.0	1.0	1.0
5600029229	1.0	0.0	0.0	0.0
5613993790	1.0	0.0	3.0	2.0
5621753164	1.0	0.0	1.0	0.0
5649244896	9.0	1.0	12.0	4.0
5661505070	2.0	0.0	0.0	0.0
5661962543	0.0	0.0	1.0	1.0
5662555038	3.0	0.0	2.0	1.0
5666611316	0.0	0.0	2.0	1.0
5672212831	1.0	0.0	0.0	0.0
5675449379	1.0	0.0	1.0	0.0
5675789231	0.0	0.0	1.0	0.0
5683860740	13.0	1.0	6.0	5.0
5701560760	8.0	0.0	10.0	9.0
5705372166	4.0	1.0	2.0	1.0
5717651958	1.0	0.0	0.0	0.0
5742251187	1.0	0.0	2.0	1.0
5745465668	1.0	0.0	0.0	0.0
5745465714	2.0	0.0	0.0	0.0
5745465818	1.0	0.0	0.0	0.0
5747171149	2.0	0.0	0.0	2.0
5747171209	2.0	0.0	3.0	0.0
5747171211	1.0	0.0	1.0	0.0
5747171223	4.0	0.0	0.0	0.0
5747171292	1.0	0.0	1.0	2.0
5748661306	6.0	0.0	7.0	5.0
5751573414	0.0	0.0	1.0	0.0
5757998794	1.0	0.0	0.0	0.0
5785510365	1.0	0.0	0.0	0.0
5785689035	14.0	0.0	5.0	5.0
5792617656	1.0	0.0	2.0	2.0
5792803077	3.0	0.0	1.0	0.0
5793687703	1.0	0.0	0.0	0.0
5794971956	4.0	0.0	1.0	1.0
5795011847	2.0	0.0	2.0	0.0
5796841416	1.0	0.0	0.0	2.0
5802853796	0.0	0.0	1.0	0.0
5810945254	11.0	0.0	5.0	3.0
5815357128	0.0	0.0	1.0	0.0
5820997239	4.0	0.0	4.0	4.0
5821489457	4.0	0.0	2.0	0.0
5833583486	1.0	0.0	0.0	0.0
5836409535	1.0	0.0	1.0	0.0
5860114965	1.0	0.0	1.0	1.0
5860115721	2.0	1.0	0.0	1.0
5860115918	3.0	0.0	1.0	0.0
5860465636	3.0	0.0	0.0	0.0
5860465812	4.0	0.0	3.0	0.0
5865799720	2.0	0.0	1.0	0.0
5866128603	1.0	0.0	0.0	0.0
5868150992	2.0	0.0	0.0	0.0
5871882880	1.0	0.0	0.0	0.0
5871915911	7.0	0.0	7.0	6.0
5872605952	3.0	0.0	2.0	0.0
5877737972	0.0	0.0	0.0	3.0
5880895746	4.0	0.0	4.0	5.0
5886288469	0.0	0.0	1.0	0.0
5886624365	0.0	0.0	1.0	0.0
5890114486	7.0	0.0	6.0	5.0
5890886959	4.0	0.0	0.0	0.0
5896616568	1.0	0.0	0.0	1.0
5897948226	2.0	0.0	0.0	0.0
5907262772	1.0	0.0	0.0	0.0
5907511965	1.0	0.0	0.0	0.0
5917086703	6.0	1.0	3.0	1.0
5934050272	1.0	0.0	0.0	0.0
5948336939	1.0	0.0	0.0	0.0
5955516943	2.0	0.0	0.0	0.0
5960989059	6.0	0.0	4.0	1.0
5976647137	2.0	0.0	3.0	2.0
5978791348	0.0	0.0	1.0	1.0
5981859607	5.0	0.0	6.0	2.0
5981960719	0.0	0.0	1.0	0.0
5991771342	0.0	0.0	2.0	0.0
5992567630	2.0	0.0	1.0	0.0
5994028437	1.0	0.0	1.0	0.0
5997529482	12.0	2.0	3.0	1.0
6000046158	1.0	0.0	0.0	0.0
6002179201	0.0	0.0	2.0	0.0
6002839365	0.0	0.0	0.0	1.0
6008648596	2.0	0.0	1.0	0.0
6011366089	7.0	0.0	2.0	1.0
6011988371	3.0	0.0	0.0	0.0
6012171411	1.0	0.0	1.0	0.0
6012224021	1.0	0.0	0.0	0.0
6012801927	1.0	1.0	0.0	2.0
6028795611	1.0	0.0	2.0	0.0
6032285351	1.0	0.0	2.0	0.0
6041575744	1.0	0.0	1.0	1.0
6043658718	7.0	0.0	4.0	0.0
6044380859	1.0	0.0	0.0	0.0
6045532842	3.0	0.0	0.0	0.0
6048312341	3.0	0.0	1.0	1.0
6048952028	0.0	0.0	0.0	2.0
6050943812	2.0	1.0	0.0	2.0
6053295480	1.0	0.0	1.0	1.0
6057485547	1.0	0.0	2.0	0.0
6058166323	0.0	0.0	1.0	0.0
6064226600	4.0	0.0	10.0	15.0
6069858822	3.0	0.0	1.0	0.0
6073691376	1.0	0.0	1.0	0.0
6075854440	1.0	0.0	0.0	0.0
6077536321	1.0	0.0	0.0	0.0
6078309644	0.0	0.0	0.0	1.0
6081915398	1.0	0.0	0.0	0.0
6085757704	2.0	0.0	2.0	3.0
6085757710	2.0	0.0	5.0	3.0
6085778395	4.0	1.0	3.0	0.0
6086152985	2.0	0.0	3.0	0.0
6086692017	4.0	0.0	3.0	1.0
6087407136	5.0	0.0	4.0	0.0
6100366381	1.0	0.0	0.0	0.0
6113112226	1.0	0.0	0.0	0.0
6117563192	1.0	0.0	0.0	0.0
6122935273	0.0	0.0	1.0	0.0
6128706745	1.0	0.0	2.0	0.0
6144363209	3.0	0.0	2.0	4.0
6155170120	2.0	0.0	8.0	1.0
6157089150	0.0	0.0	1.0	0.0
1075376185	2.0	0.0	2.0	1.0
1147703514	2.0	0.0	1.0	0.0
1149123383	4.0	0.0	5.0	1.0
1164589025	0.0	0.0	0.0	1.0
1179630143	4.0	0.0	3.0	5.0
1199769167	1.0	0.0	2.0	0.0
1212208092	3.0	0.0	2.0	0.0
1216431741	1.0	0.0	2.0	0.0
1221407170	2.0	0.0	1.0	2.0
1225574955	7.0	0.0	3.0	2.0
1241909502	5.0	1.0	1.0	0.0
1242563970	2.0	0.0	0.0	1.0
1246529447	6.0	2.0	5.0	5.0
1263478891	0.0	0.0	0.0	1.0
1277426872	5.0	1.0	2.0	4.0
1301913240	1.0	0.0	0.0	0.0
1363456275	2.0	0.0	3.0	1.0
1398025082	4.0	0.0	0.0	1.0
1400398511	3.0	0.0	1.0	0.0
1401538444	5.0	0.0	5.0	8.0
1405823877	4.0	0.0	4.0	5.0
1406603113	2.0	0.0	2.0	0.0
1426983034	4.0	0.0	3.0	9.0
1440996140	3.0	0.0	1.0	0.0
1446001560	0.0	0.0	0.0	1.0
1465827625	5.0	0.0	5.0	7.0
1478282890	1.0	0.0	2.0	0.0
1496959004	4.0	0.0	5.0	2.0
1528394563	0.0	1.0	1.0	0.0
1534936623	0.0	0.0	3.0	2.0
1557392913	8.0	0.0	3.0	4.0
1573021601	1.0	0.0	0.0	2.0
1574520001	3.0	0.0	2.0	0.0
1580957991	1.0	0.0	2.0	3.0
1599441204	1.0	0.0	0.0	0.0
1603940827	3.0	0.0	0.0	2.0
1607806944	0.0	0.0	1.0	1.0
1626506953	0.0	0.0	1.0	0.0
1629072852	8.0	0.0	17.0	4.0
1639508961	6.0	0.0	1.0	2.0
1642893707	7.0	0.0	0.0	4.0
1644288455	10.0	0.0	4.0	4.0
1658915013	0.0	0.0	1.0	0.0
1665349605	1.0	0.0	1.0	0.0
1678980455	2.0	0.0	1.0	0.0
1685012970	6.0	2.0	1.0	2.0
1686001015	0.0	0.0	0.0	1.0
1686823655	0.0	0.0	1.0	0.0
1707256875	5.0	0.0	11.0	6.0
1732734883	3.0	0.0	4.0	6.0
1735616161	2.0	1.0	0.0	1.0
1736054365	1.0	0.0	2.0	1.0
1744257311	1.0	0.0	0.0	2.0
1745813791	2.0	0.0	2.0	0.0
1750356705	1.0	0.0	0.0	0.0
1750762053	3.0	0.0	2.0	4.0
1758895582	3.0	0.0	2.0	0.0
1759950835	1.0	0.0	0.0	0.0
1763716750	4.0	0.0	2.0	0.0
1766362445	4.0	0.0	3.0	5.0
1774041753	1.0	0.0	0.0	2.0
1781457032	1.0	0.0	1.0	0.0
1795617563	1.0	0.0	1.0	2.0
1798050592	3.0	0.0	0.0	2.0
1804416382	0.0	0.0	3.0	1.0
1805406782	18.0	0.0	15.0	7.0
1820662985	1.0	0.0	2.0	0.0
1821459587	7.0	1.0	4.0	4.0
1841021315	2.0	0.0	0.0	1.0
1856904492	9.0	0.0	7.0	15.0
1863424991	3.0	1.0	2.0	7.0
1881036261	0.0	0.0	0.0	1.0
1948641401	5.0	0.0	7.0	6.0
1988247561	1.0	0.0	0.0	0.0
1988524995	3.0	0.0	1.0	2.0
2041668063	1.0	0.0	0.0	0.0
2096267310	1.0	0.0	2.0	2.0
2112426042	5.0	0.0	2.0	0.0
2214029370	1.0	0.0	1.0	0.0
2255881441	2.0	0.0	2.0	2.0
2351096732	1.0	0.0	0.0	0.0
2356612802	1.0	0.0	0.0	1.0
2373931260	0.0	1.0	0.0	1.0
2425203201	6.0	1.0	2.0	4.0
2480059701	7.0	1.0	12.0	2.0
2491474340	4.0	2.0	5.0	6.0
2663455835	1.0	0.0	3.0	1.0
2772471805	10.0	0.0	6.0	10.0
2792163900	2.0	0.0	3.0	1.0
2866869562	6.0	1.0	4.0	8.0
2949327571	4.0	0.0	2.0	1.0
3226109541	4.0	1.0	2.0	1.0
3628368925	3.0	0.0	2.0	4.0
3946154755	1.0	0.0	0.0	0.0
5251237195	1.0	0.0	1.0	1.0
5385519765	4.0	1.0	5.0	2.0
5394437071	2.0	2.0	0.0	0.0
5616936990	7.0	0.0	2.0	10.0
5669302379	0.0	0.0	5.0	0.0
5884263636	1.0	1.0	5.0	1.0
