user_id	tot_5	tot_4	tot_3	tot_2	tot_1
1002326754	0.0	0.0	0.0	0.0	225.0
1004853823	0.0	0.0	102.0	219.0	482.0
1005570772	17.0	12.0	9.0	292.0	381.0
1006205227	0.0	29.0	102.0	183.0	493.0
1011269330	0.0	30.0	88.0	33.0	46.0
1013011303	95.0	175.0	55.0	54.0	32.0
1027145634	11.0	0.0	5.0	14.0	0.0
1054009064	36.0	23.0	45.0	19.0	31.0
1054096047	20.0	61.0	76.0	41.0	89.0
1066995495	14.0	9.0	30.0	14.0	28.0
1069384980	21.0	28.0	17.0	48.0	47.0
1083535803	3.0	9.0	26.0	219.0	484.0
1086782701	25.0	38.0	40.0	21.0	58.0
1098618600	0.0	67.0	77.0	117.0	569.0
1109018731	4.0	0.0	36.0	8.0	51.0
1109564533	0.0	20.0	35.0	35.0	93.0
1132833700	0.0	8.0	32.0	29.0	40.0
1133946402	58.0	68.0	78.0	77.0	123.0
1141154105	10.0	18.0	18.0	10.0	44.0
1142208455	92.0	260.0	176.0	109.0	107.0
1143605707	51.0	71.0	84.0	92.0	181.0
1149816777	0.0	0.0	0.0	20.0	55.0
1159402801	0.0	0.0	23.0	59.0	72.0
1162860657	0.0	0.0	7.0	44.0	98.0
1168716090	6.0	10.0	8.0	10.0	12.0
1185441660	0.0	0.0	68.0	62.0	680.0
1191224527	0.0	13.0	10.0	10.0	27.0
1211113332	76.0	123.0	116.0	54.0	85.0
1215131765	0.0	12.0	5.0	8.0	19.0
1216388157	5.0	5.0	4.0	0.0	9.0
1218042552	126.0	262.0	195.0	112.0	12.0
1218957517	63.0	48.0	39.0	84.0	113.0
1219310523	0.0	29.0	103.0	247.0	372.0
1227493664	53.0	55.0	20.0	34.0	71.0
1228977142	0.0	49.0	156.0	174.0	234.0
1229448154	18.0	41.0	23.0	19.0	40.0
1236462225	3.0	17.0	22.0	11.0	12.0
1242290512	0.0	5.0	130.0	52.0	101.0
1244062551	0.0	0.0	0.0	0.0	65.0
1245360814	0.0	29.0	248.0	228.0	305.0
1246557331	27.0	31.0	19.0	21.0	35.0
1246792191	28.0	45.0	32.0	45.0	36.0
1250041105	16.0	29.0	20.0	15.0	20.0
1252397723	15.0	7.0	10.0	14.0	5.0
1254926960	142.0	109.0	198.0	181.0	143.0
1256947091	0.0	0.0	49.0	299.0	470.0
1268642527	10.0	18.0	21.0	259.0	424.0
1271958597	9.0	10.0	96.0	183.0	311.0
1276094724	0.0	39.0	76.0	118.0	50.0
1280981624	43.0	49.0	0.0	0.0	15.0
1283022704	0.0	30.0	88.0	175.0	423.0
1283658605	109.0	64.0	81.0	54.0	99.0
1285478591	10.0	10.0	45.0	76.0	108.0
1286189071	0.0	10.0	272.0	204.0	306.0
1286659964	0.0	13.0	211.0	259.0	252.0
1286891293	0.0	0.0	110.0	304.0	452.0
1288056483	0.0	0.0	0.0	29.0	108.0
1290700430	23.0	14.0	38.0	29.0	39.0
1291021104	19.0	63.0	81.0	50.0	48.0
1299532580	47.0	39.0	73.0	39.0	71.0
1301043494	0.0	0.0	0.0	0.0	3.0
1301890202	20.0	20.0	24.0	42.0	106.0
1305807567	81.0	30.0	40.0	24.0	47.0
1306484861	39.0	122.0	120.0	160.0	235.0
1326398921	0.0	7.0	7.0	9.0	12.0
1339315757	23.0	51.0	52.0	47.0	110.0
1344280113	10.0	87.0	162.0	211.0	215.0
1349541437	60.0	27.0	54.0	79.0	629.0
1353509550	8.0	0.0	0.0	89.0	223.0
1391916660	30.0	86.0	61.0	110.0	175.0
1396626753	0.0	9.0	88.0	43.0	57.0
1400434093	0.0	0.0	0.0	6.0	286.0
1400776392	24.0	69.0	54.0	79.0	196.0
1400831884	0.0	31.0	31.0	38.0	97.0
1404214752	30.0	70.0	102.0	36.0	172.0
1404428062	0.0	0.0	50.0	29.0	777.0
1405236892	153.0	191.0	159.0	163.0	196.0
1407940677	0.0	100.0	87.0	60.0	69.0
1411163204	0.0	20.0	40.0	241.0	450.0
1412779214	83.0	178.0	162.0	102.0	192.0
1412922410	20.0	24.0	7.0	9.0	24.0
1417037145	25.0	18.0	37.0	62.0	55.0
1418058457	0.0	0.0	0.0	0.0	1029.0
1419364883	0.0	52.0	207.0	269.0	232.0
1420174783	64.0	204.0	166.0	126.0	148.0
1421067881	9.0	0.0	10.0	47.0	102.0
1442720613	22.0	157.0	172.0	153.0	177.0
1452415622	0.0	43.0	45.0	15.0	41.0
1454064140	10.0	10.0	14.0	19.0	44.0
1455039933	19.0	10.0	3.0	34.0	45.0
1472934365	62.0	33.0	68.0	74.0	65.0
1492602474	33.0	30.0	29.0	5.0	19.0
1496825941	0.0	160.0	241.0	104.0	95.0
1496863785	0.0	0.0	72.0	116.0	590.0
1496878501	39.0	48.0	69.0	33.0	158.0
1496913734	0.0	0.0	83.0	227.0	475.0
1496975384	1.0	64.0	112.0	210.0	104.0
1498124904	20.0	19.0	74.0	126.0	184.0
1506088515	1.0	25.0	15.0	26.0	21.0
1506701434	1.0	0.0	0.0	1.0	844.0
1528274033	73.0	46.0	35.0	19.0	65.0
1534939700	0.0	41.0	245.0	200.0	236.0
1541940220	0.0	102.0	115.0	14.0	43.0
1547596314	11.0	46.0	36.0	32.0	32.0
1557303822	44.0	54.0	54.0	44.0	59.0
1558148043	0.0	0.0	0.0	0.0	1106.0
1559236912	0.0	13.0	15.0	1.0	1.0
1560021134	58.0	167.0	146.0	120.0	103.0
1563926367	3.0	0.0	5.0	3.0	2.0
1568746614	6.0	3.0	2.0	1.0	11.0
1575326970	41.0	205.0	152.0	103.0	128.0
1576284783	259.0	109.0	56.0	121.0	72.0
1587060020	0.0	6.0	53.0	15.0	4.0
1589698103	44.0	178.0	142.0	124.0	223.0
1590956147	84.0	89.0	78.0	110.0	108.0
1591116392	0.0	0.0	0.0	9.0	10.0
1594646223	21.0	31.0	63.0	49.0	63.0
1596630867	1.0	5.0	11.0	3.0	0.0
1606370777	42.0	87.0	91.0	92.0	87.0
1607812347	60.0	162.0	141.0	111.0	117.0
1610025682	0.0	6.0	13.0	65.0	88.0
1613005690	0.0	0.0	0.0	0.0	215.0
1614747181	5.0	27.0	50.0	62.0	50.0
1616772137	0.0	78.0	149.0	177.0	283.0
1619699251	43.0	85.0	18.0	9.0	21.0
1619766521	13.0	12.0	24.0	12.0	29.0
1621567465	119.0	118.0	96.0	135.0	181.0
1621894121	46.0	71.0	66.0	57.0	52.0
1622687475	10.0	115.0	131.0	118.0	198.0
1622754134	19.0	36.0	15.0	19.0	55.0
1626002531	57.0	156.0	93.0	50.0	119.0
1626297211	35.0	56.0	52.0	40.0	75.0
1634375627	17.0	48.0	47.0	36.0	36.0
1635279123	0.0	0.0	0.0	0.0	3.0
1639132981	23.0	17.0	10.0	5.0	61.0
1640766861	54.0	73.0	130.0	104.0	132.0
1642413147	5.0	37.0	174.0	200.0	301.0
1642624462	9.0	116.0	131.0	127.0	71.0
1644587232	0.0	39.0	163.0	235.0	382.0
1647161640	19.0	35.0	17.0	6.0	20.0
1647263235	19.0	40.0	166.0	305.0	203.0
1647415197	24.0	64.0	63.0	57.0	84.0
1649155730	0.0	10.0	94.0	94.0	597.0
1652194081	49.0	231.0	79.0	93.0	163.0
1652707015	123.0	85.0	110.0	135.0	75.0
1653957693	0.0	0.0	121.0	262.0	422.0
1655370347	109.0	73.0	16.0	27.0	24.0
1655488792	1.0	18.0	30.0	27.0	28.0
1655507255	0.0	0.0	0.0	59.0	145.0
1655524143	0.0	0.0	92.0	149.0	618.0
1655665171	13.0	8.0	9.0	3.0	13.0
1657421782	0.0	0.0	0.0	0.0	253.0
1657764041	10.0	68.0	80.0	128.0	162.0
1658537731	0.0	124.0	128.0	207.0	254.0
1658895001	66.0	268.0	245.0	146.0	119.0
1658988854	30.0	168.0	232.0	305.0	308.0
1660815495	0.0	0.0	145.0	277.0	293.0
1660956507	0.0	0.0	250.0	201.0	281.0
1662475182	53.0	22.0	20.0	32.0	73.0
1667918954	86.0	120.0	178.0	137.0	206.0
1668368147	42.0	61.0	75.0	53.0	107.0
1669024582	0.0	7.0	11.0	3.0	2.0
1670645393	0.0	184.0	188.0	165.0	182.0
1671194705	4.0	7.0	38.0	13.0	43.0
1671890613	19.0	94.0	42.0	213.0	464.0
1672418622	29.0	162.0	176.0	162.0	209.0
1674427277	78.0	76.0	92.0	62.0	165.0
1676341525	248.0	201.0	70.0	76.0	102.0
1677574270	119.0	104.0	160.0	246.0	187.0
1678613514	15.0	23.0	44.0	54.0	35.0
1679113281	59.0	151.0	178.0	200.0	119.0
1680599832	0.0	0.0	112.0	247.0	449.0
1682454721	29.0	21.0	39.0	13.0	50.0
1683010871	0.0	0.0	0.0	0.0	834.0
1683969397	0.0	0.0	0.0	3.0	0.0
1684388950	25.0	0.0	17.0	1.0	0.0
1684836114	0.0	0.0	0.0	112.0	623.0
1685188223	9.0	61.0	82.0	77.0	94.0
1686815607	0.0	0.0	19.0	10.0	848.0
1687442081	100.0	153.0	105.0	48.0	125.0
1687486981	123.0	88.0	160.0	98.0	235.0
1687505121	80.0	95.0	71.0	65.0	56.0
1688537010	309.0	312.0	29.0	2.0	0.0
1691380954	72.0	168.0	279.0	299.0	231.0
1694870611	6.0	12.0	27.0	1.0	21.0
1695958733	16.0	142.0	142.0	145.0	205.0
1698255955	11.0	0.0	19.0	8.0	27.0
1700651435	0.0	4.0	24.0	74.0	99.0
1703827633	4.0	0.0	0.0	4.0	2.0
1703924001	0.0	76.0	172.0	113.0	35.0
1707427294	45.0	391.0	143.0	47.0	61.0
1711646255	0.0	26.0	64.0	481.0	212.0
1713066300	83.0	391.0	157.0	30.0	26.0
1714810430	0.0	0.0	32.0	2.0	818.0
1717421891	49.0	146.0	76.0	108.0	123.0
1717871843	136.0	215.0	131.0	112.0	187.0
1718328651	10.0	26.0	23.0	17.0	35.0
1718836754	0.0	0.0	15.0	12.0	17.0
1720133422	5.0	23.0	8.0	18.0	34.0
1721449743	0.0	0.0	160.0	214.0	337.0
1721825977	0.0	0.0	0.0	1.0	0.0
1723559567	0.0	0.0	10.0	0.0	876.0
1725116507	22.0	5.0	9.0	2.0	3.0
1726998993	0.0	0.0	0.0	0.0	256.0
1727006174	67.0	28.0	19.0	21.0	65.0
1728085193	15.0	0.0	18.0	16.0	43.0
1729012204	0.0	0.0	91.0	165.0	189.0
1729908110	2.0	117.0	209.0	181.0	229.0
1730714982	0.0	0.0	44.0	171.0	529.0
1732475425	0.0	0.0	0.0	0.0	9.0
1732756857	19.0	1.0	39.0	42.0	39.0
1733443650	0.0	31.0	49.0	190.0	488.0
1733672487	43.0	28.0	41.0	85.0	59.0
1733770795	20.0	48.0	243.0	280.0	178.0
1737847545	43.0	177.0	168.0	164.0	234.0
1738041392	0.0	189.0	113.0	148.0	245.0
1738283175	150.0	121.0	42.0	56.0	167.0
1738605643	0.0	0.0	1.0	1.0	7.0
1739037923	10.0	10.0	74.0	24.0	73.0
1739049744	36.0	54.0	25.0	47.0	54.0
1742693175	50.0	140.0	142.0	80.0	111.0
1742703365	63.0	41.0	56.0	54.0	87.0
1742942263	0.0	86.0	82.0	83.0	142.0
1743140002	1.0	0.0	9.0	15.0	18.0
1743527427	9.0	33.0	10.0	32.0	30.0
1743734335	6.0	7.0	7.0	8.0	5.0
1744093477	0.0	0.0	97.0	193.0	490.0
1744691061	192.0	0.0	0.0	0.0	1.0
1745573472	26.0	37.0	75.0	78.0	89.0
1745746033	25.0	65.0	45.0	33.0	67.0
1747790171	68.0	89.0	256.0	153.0	186.0
1748631042	134.0	46.0	29.0	0.0	30.0
1748852693	14.0	38.0	35.0	45.0	82.0
1749205637	8.0	104.0	167.0	158.0	276.0
1749254813	3.0	6.0	23.0	6.0	10.0
1750016637	73.0	183.0	181.0	113.0	154.0
1750270991	53.0	118.0	166.0	184.0	294.0
1750529573	0.0	138.0	122.0	228.0	343.0
1750796960	0.0	0.0	0.0	0.0	837.0
1751854682	0.0	0.0	15.0	30.0	0.0
1752162633	0.0	0.0	56.0	46.0	663.0
1752202132	5.0	181.0	161.0	92.0	137.0
1756667731	10.0	93.0	178.0	232.0	239.0
1756807885	0.0	0.0	0.0	0.0	792.0
1758476561	0.0	69.0	151.0	250.0	246.0
1758486721	120.0	43.0	49.0	153.0	76.0
1760672962	0.0	0.0	15.0	30.0	67.0
1761326072	17.0	7.0	41.0	59.0	41.0
1762211555	0.0	15.0	18.0	22.0	23.0
1762696131	0.0	83.0	169.0	210.0	245.0
1763493560	0.0	0.0	10.0	0.0	773.0
1764226841	0.0	0.0	33.0	105.0	2.0
1764591442	0.0	30.0	133.0	116.0	148.0
1764822552	12.0	42.0	22.0	36.0	82.0
1766499067	0.0	0.0	0.0	0.0	37.0
1767899742	0.0	0.0	88.0	323.0	350.0
1768227670	20.0	10.0	30.0	81.0	123.0
1770818961	0.0	0.0	0.0	43.0	453.0
1771295435	59.0	27.0	63.0	52.0	45.0
1771841343	37.0	42.0	22.0	19.0	11.0
1772440677	17.0	98.0	138.0	164.0	294.0
1773129131	27.0	17.0	2.0	9.0	16.0
1773967712	0.0	1.0	103.0	249.0	433.0
1774139105	30.0	116.0	150.0	81.0	162.0
1774168531	0.0	0.0	143.0	43.0	731.0
1774501890	0.0	23.0	97.0	249.0	396.0
1774676624	0.0	0.0	137.0	149.0	422.0
1774698101	39.0	131.0	189.0	203.0	164.0
1774860981	0.0	20.0	127.0	229.0	409.0
1775019491	0.0	0.0	96.0	194.0	497.0
1775979645	0.0	0.0	0.0	14.0	896.0
1776099801	28.0	24.0	50.0	129.0	86.0
1776173037	9.0	6.0	0.0	0.0	10.0
1776266241	0.0	0.0	0.0	79.0	701.0
1776707927	0.0	0.0	7.0	2.0	0.0
1776788973	0.0	0.0	51.0	277.0	451.0
1778181861	0.0	0.0	7.0	140.0	634.0
1781188483	0.0	0.0	0.0	0.0	899.0
1783982957	65.0	108.0	69.0	112.0	136.0
1784871365	0.0	0.0	0.0	0.0	805.0
1787086511	0.0	0.0	0.0	5.0	40.0
1789501184	0.0	0.0	19.0	78.0	764.0
1794572275	31.0	10.0	13.0	6.0	20.0
1795509335	13.0	21.0	57.0	52.0	60.0
1796118884	0.0	0.0	47.0	119.0	675.0
1796790562	0.0	0.0	37.0	262.0	529.0
1798716414	10.0	58.0	195.0	153.0	221.0
1800611161	0.0	0.0	33.0	0.0	904.0
1801424604	18.0	23.0	22.0	116.0	149.0
1801831432	15.0	39.0	23.0	8.0	4.0
1801999762	78.0	199.0	106.0	81.0	94.0
1802079307	10.0	0.0	0.0	120.0	36.0
1802764891	15.0	14.0	21.0	1.0	2.0
1807134561	0.0	10.0	51.0	203.0	505.0
1807419844	12.0	42.0	9.0	27.0	18.0
1809715501	17.0	106.0	176.0	164.0	120.0
1810632930	33.0	129.0	86.0	76.0	86.0
1813378072	59.0	197.0	160.0	145.0	163.0
1813634662	37.0	52.0	38.0	64.0	66.0
1815338681	0.0	47.0	59.0	13.0	39.0
1820731083	0.0	0.0	43.0	55.0	174.0
1821863225	0.0	0.0	0.0	0.0	1.0
1822430437	54.0	99.0	85.0	103.0	100.0
1823344731	59.0	44.0	224.0	201.0	216.0
1824112953	0.0	0.0	7.0	56.0	53.0
1826043543	15.0	21.0	15.0	36.0	73.0
1826643727	0.0	0.0	0.0	1.0	9.0
1827165291	0.0	124.0	215.0	114.0	216.0
1829280943	0.0	1.0	36.0	90.0	258.0
1829604760	1.0	0.0	1.0	0.0	17.0
1829870212	49.0	24.0	48.0	10.0	40.0
1830138345	32.0	52.0	52.0	17.0	38.0
1832549174	43.0	36.0	149.0	150.0	134.0
1834767380	0.0	2.0	41.0	20.0	55.0
1835574314	2.0	5.0	0.0	1.0	0.0
1836070832	0.0	0.0	0.0	0.0	9.0
1836430855	128.0	60.0	29.0	75.0	84.0
1839665285	66.0	80.0	70.0	61.0	99.0
1840735635	0.0	0.0	155.0	257.0	273.0
1843070674	93.0	216.0	139.0	110.0	168.0
1843526412	29.0	41.0	123.0	130.0	103.0
1844459971	25.0	24.0	118.0	98.0	87.0
1845315180	9.0	47.0	74.0	90.0	91.0
1846302384	4.0	52.0	23.0	67.0	62.0
1847798401	0.0	10.0	88.0	262.0	272.0
1848322945	11.0	17.0	14.0	6.0	1.0
1850540183	10.0	102.0	213.0	154.0	226.0
1850679395	0.0	69.0	141.0	259.0	352.0
1851524785	0.0	10.0	93.0	143.0	506.0
1852352553	0.0	82.0	245.0	177.0	283.0
1852398985	39.0	60.0	42.0	92.0	156.0
1853852475	0.0	0.0	0.0	0.0	26.0
1854627907	0.0	0.0	2.0	4.0	4.0
1855335174	23.0	18.0	29.0	21.0	14.0
1857150145	0.0	20.0	113.0	302.0	312.0
1857414070	0.0	0.0	10.0	38.0	307.0
1857570982	22.0	32.0	50.0	36.0	109.0
1862364383	13.0	0.0	15.0	4.0	10.0
1862466962	0.0	0.0	0.0	159.0	483.0
1862929910	10.0	52.0	27.0	81.0	59.0
1863089382	0.0	0.0	0.0	0.0	867.0
1866149335	2.0	27.0	51.0	49.0	56.0
1866402485	0.0	0.0	0.0	1.0	2.0
1868478315	0.0	9.0	1.0	21.0	26.0
1870366211	0.0	0.0	0.0	0.0	20.0
1870405371	10.0	127.0	234.0	262.0	82.0
1871956515	10.0	66.0	118.0	154.0	236.0
1880566337	0.0	52.0	162.0	332.0	262.0
1881135547	0.0	27.0	105.0	307.0	284.0
1883564374	0.0	120.0	283.0	195.0	264.0
1885056061	0.0	0.0	120.0	269.0	332.0
1885179197	1.0	0.0	28.0	18.0	5.0
1885460020	0.0	0.0	37.0	62.0	554.0
1885486011	0.0	0.0	0.0	0.0	185.0
1886036432	0.0	0.0	0.0	167.0	291.0
1887262740	0.0	0.0	45.0	275.0	434.0
1889158243	0.0	0.0	184.0	178.0	251.0
1889377232	0.0	0.0	129.0	8.0	730.0
1889728690	0.0	10.0	204.0	172.0	561.0
1890157630	0.0	0.0	25.0	0.0	848.0
1890551363	0.0	19.0	205.0	222.0	345.0
1893410897	0.0	0.0	5.0	7.0	57.0
1893826915	25.0	92.0	46.0	67.0	113.0
1894059162	43.0	50.0	49.0	38.0	17.0
1894287893	32.0	154.0	87.0	145.0	157.0
1896185234	0.0	197.0	161.0	193.0	121.0
1896481783	0.0	10.0	191.0	272.0	298.0
1899782201	116.0	123.0	144.0	40.0	76.0
1904542220	0.0	10.0	56.0	273.0	452.0
1906114713	13.0	16.0	21.0	24.0	29.0
1906604475	180.0	119.0	130.0	65.0	81.0
1907244354	216.0	361.0	27.0	22.0	2.0
1907252570	102.0	477.0	42.0	14.0	2.0
1907542963	41.0	43.0	51.0	61.0	73.0
1910672761	23.0	2.0	11.0	11.0	12.0
1911719341	2.0	0.0	0.0	1.0	17.0
1912713353	216.0	125.0	157.0	77.0	116.0
1913663321	8.0	11.0	2.0	2.0	8.0
1914170245	15.0	18.0	28.0	45.0	40.0
1919114090	0.0	0.0	0.0	18.0	805.0
1920061532	0.0	0.0	100.0	318.0	245.0
1920535861	35.0	42.0	38.0	30.0	123.0
1921868697	0.0	0.0	0.0	0.0	755.0
1925950032	134.0	76.0	34.0	62.0	39.0
1926652273	0.0	36.0	18.0	27.0	55.0
1927564525	138.0	117.0	150.0	101.0	104.0
1930072831	0.0	50.0	65.0	55.0	102.0
1930227130	8.0	20.0	28.0	8.0	6.0
1931755017	54.0	41.0	28.0	32.0	35.0
1932108903	10.0	12.0	16.0	22.0	27.0
1933895942	0.0	0.0	0.0	20.0	740.0
1934303255	0.0	26.0	73.0	214.0	424.0
1935591865	0.0	0.0	85.0	48.0	91.0
1935671631	194.0	16.0	59.0	197.0	252.0
1937244784	0.0	0.0	0.0	0.0	925.0
1938549413	0.0	0.0	0.0	0.0	6.0
1938793465	0.0	0.0	0.0	0.0	1.0
1944272797	27.0	15.0	18.0	27.0	10.0
1944554947	10.0	18.0	35.0	41.0	40.0
1945390842	9.0	25.0	12.0	0.0	19.0
1945584665	0.0	0.0	13.0	21.0	36.0
1945805232	0.0	122.0	162.0	217.0	325.0
1952315213	0.0	0.0	69.0	104.0	567.0
1955292790	18.0	67.0	52.0	40.0	24.0
1958015870	8.0	12.0	11.0	9.0	29.0
1960499323	0.0	39.0	46.0	73.0	97.0
1965617182	0.0	0.0	1.0	1.0	0.0
1965681503	55.0	46.0	53.0	36.0	74.0
1966288725	0.0	0.0	19.0	35.0	0.0
1968827877	0.0	0.0	49.0	226.0	455.0
1971333813	0.0	0.0	0.0	504.0	79.0
1971890324	29.0	152.0	220.0	137.0	155.0
1974152033	0.0	0.0	206.0	0.0	692.0
1976798673	11.0	60.0	79.0	64.0	79.0
1977278337	20.0	28.0	42.0	50.0	77.0
1980465571	0.0	74.0	190.0	177.0	338.0
1982163497	0.0	0.0	104.0	272.0	368.0
1982718541	0.0	0.0	0.0	0.0	133.0
1984862383	0.0	0.0	0.0	40.0	199.0
1986481745	20.0	9.0	22.0	46.0	33.0
1986866281	10.0	10.0	21.0	81.0	78.0
1989536301	0.0	0.0	0.0	0.0	1691.0
1990821721	0.0	0.0	120.0	283.0	419.0
1991194723	49.0	154.0	226.0	127.0	158.0
1993350880	0.0	19.0	94.0	190.0	509.0
1999393467	50.0	40.0	27.0	30.0	42.0
2000363391	61.0	98.0	63.0	86.0	114.0
2012579967	17.0	20.0	10.0	27.0	83.0
2017335643	10.0	4.0	0.0	0.0	5.0
2019094113	0.0	0.0	110.0	353.0	289.0
2019247717	38.0	37.0	22.0	20.0	40.0
2019486951	10.0	0.0	0.0	1.0	9.0
2023791210	0.0	0.0	0.0	192.0	713.0
2025994775	30.0	64.0	52.0	72.0	107.0
2026014915	28.0	135.0	133.0	149.0	270.0
2029606437	0.0	0.0	48.0	115.0	620.0
2034029294	316.0	301.0	35.0	1.0	0.0
2034192292	8.0	38.0	6.0	13.0	2.0
2040119035	10.0	62.0	58.0	306.0	294.0
2047613403	0.0	0.0	104.0	78.0	604.0
2051673801	120.0	108.0	108.0	98.0	112.0
2053807061	14.0	24.0	10.0	20.0	14.0
2053975695	0.0	0.0	85.0	167.0	639.0
2054793217	0.0	35.0	181.0	164.0	348.0
2055410091	0.0	100.0	230.0	188.0	210.0
2056382103	0.0	0.0	0.0	0.0	927.0
2067756135	2.0	52.0	226.0	196.0	197.0
2070310990	0.0	0.0	0.0	0.0	27.0
2072631987	4.0	0.0	16.0	52.0	139.0
2073040423	45.0	90.0	155.0	118.0	163.0
2073980054	0.0	0.0	0.0	0.0	32.0
2074370833	92.0	108.0	109.0	64.0	134.0
2080259373	27.0	27.0	39.0	10.0	28.0
2089721401	0.0	0.0	155.0	279.0	377.0
2090683994	76.0	43.0	49.0	72.0	37.0
2092032733	0.0	216.0	50.0	113.0	131.0
2094387684	0.0	0.0	12.0	46.0	0.0
2099079752	216.0	208.0	68.0	1.0	0.0
2102711012	14.0	16.0	8.0	27.0	22.0
2106202530	19.0	6.0	62.0	58.0	54.0
2115176080	75.0	20.0	11.0	0.0	357.0
2115302210	0.0	0.0	0.0	0.0	511.0
2115304994	100.0	233.0	4.0	2.0	569.0
2116182794	36.0	94.0	76.0	85.0	121.0
2122233441	15.0	7.0	3.0	3.0	18.0
2127461751	65.0	58.0	127.0	228.0	288.0
2129572704	0.0	0.0	0.0	0.0	37.0
2131445654	38.0	124.0	175.0	158.0	246.0
2136670495	26.0	143.0	182.0	145.0	220.0
2137637745	0.0	0.0	262.0	337.0	69.0
2137765880	0.0	0.0	0.0	47.0	29.0
2138876990	37.0	35.0	30.0	26.0	7.0
2139885703	0.0	92.0	222.0	187.0	376.0
2141791335	78.0	103.0	108.0	146.0	298.0
2141934923	0.0	0.0	0.0	0.0	866.0
2144576481	0.0	0.0	0.0	0.0	601.0
2145304743	4.0	6.0	4.0	1.0	7.0
2146525962	0.0	73.0	67.0	236.0	394.0
2147543547	0.0	0.0	68.0	279.0	365.0
2148626094	0.0	0.0	40.0	94.0	663.0
2150152830	9.0	10.0	27.0	9.0	49.0
2152760185	20.0	25.0	65.0	64.0	97.0
2153773471	0.0	33.0	136.0	180.0	154.0
2154212385	0.0	49.0	172.0	201.0	281.0
2154547207	0.0	0.0	0.0	128.0	107.0
2154583655	4.0	13.0	42.0	3.0	18.0
2155138921	17.0	57.0	195.0	195.0	249.0
2155987804	0.0	0.0	242.0	265.0	253.0
2156166350	0.0	20.0	48.0	208.0	333.0
2163196683	0.0	0.0	0.0	1.0	120.0
2165398790	0.0	8.0	2.0	29.0	119.0
2172488380	41.0	62.0	60.0	36.0	49.0
2173500134	11.0	75.0	73.0	21.0	6.0
2173825475	17.0	84.0	90.0	64.0	84.0
2175199144	0.0	0.0	39.0	36.0	810.0
2175842925	13.0	11.0	15.0	10.0	26.0
2176645133	10.0	36.0	38.0	54.0	54.0
2184728493	0.0	0.0	135.0	136.0	601.0
2185104815	84.0	246.0	283.0	92.0	48.0
2185432195	10.0	10.0	4.0	7.0	6.0
2185608961	60.0	130.0	130.0	83.0	306.0
2185636134	0.0	0.0	0.0	0.0	1415.0
2186363183	0.0	0.0	0.0	0.0	18.0
2188110855	33.0	85.0	69.0	46.0	219.0
2189608911	0.0	60.0	91.0	134.0	235.0
2203045151	0.0	20.0	10.0	31.0	22.0
2205215712	17.0	175.0	104.0	189.0	323.0
2205675180	8.0	63.0	41.0	13.0	40.0
2206430561	0.0	0.0	33.0	0.0	908.0
2212311917	20.0	38.0	137.0	105.0	143.0
2212518065	63.0	165.0	180.0	10.0	164.0
2213549100	0.0	54.0	50.0	44.0	59.0
2213619244	170.0	126.0	144.0	62.0	76.0
2214542774	9.0	34.0	27.0	48.0	24.0
2217389255	128.0	213.0	152.0	118.0	119.0
2217511264	45.0	175.0	129.0	58.0	317.0
2219064012	0.0	0.0	37.0	322.0	400.0
2219227283	0.0	30.0	7.0	59.0	776.0
2219800644	0.0	0.0	11.0	0.0	831.0
2231241171	99.0	20.0	46.0	176.0	473.0
2231296431	10.0	31.0	2.0	74.0	708.0
2231724507	44.0	28.0	34.0	30.0	86.0
2241275235	24.0	91.0	83.0	129.0	137.0
2247164142	0.0	37.0	147.0	269.0	304.0
2251304944	32.0	56.0	176.0	166.0	226.0
2253566775	0.0	0.0	0.0	0.0	950.0
2257473900	0.0	0.0	0.0	19.0	27.0
2267310857	10.0	45.0	101.0	64.0	127.0
2273603747	41.0	147.0	89.0	141.0	95.0
2282258520	1.0	59.0	127.0	51.0	99.0
2282991915	0.0	95.0	260.0	312.0	428.0
2286457060	546.0	27.0	111.0	8.0	7.0
2286696572	220.0	331.0	121.0	6.0	5.0
2288652234	10.0	0.0	30.0	301.0	514.0
2292092920	0.0	0.0	0.0	0.0	1.0
2293632164	0.0	0.0	17.0	11.0	5.0
2294233591	0.0	0.0	50.0	99.0	688.0
2294650094	0.0	109.0	264.0	187.0	244.0
2296604561	0.0	0.0	0.0	20.0	0.0
2297283717	0.0	10.0	7.0	42.0	113.0
2297493511	0.0	0.0	0.0	0.0	813.0
2301626242	16.0	119.0	276.0	155.0	172.0
2302787264	23.0	26.0	61.0	73.0	68.0
2305514834	0.0	17.0	137.0	242.0	344.0
2307736563	0.0	0.0	0.0	18.0	109.0
2309392464	0.0	0.0	16.0	0.0	871.0
2318413794	50.0	49.0	25.0	63.0	40.0
2322168320	0.0	134.0	191.0	67.0	358.0
2336169183	39.0	146.0	214.0	52.0	34.0
2359037744	0.0	0.0	14.0	41.0	67.0
2366098464	23.0	33.0	54.0	17.0	25.0
2368678562	15.0	92.0	69.0	100.0	67.0
2368746162	0.0	0.0	0.0	0.0	951.0
2376442895	28.0	15.0	23.0	20.0	20.0
2382356540	20.0	26.0	97.0	82.0	138.0
2385069490	0.0	0.0	18.0	0.0	801.0
2385077904	0.0	0.0	96.0	214.0	475.0
2390654513	0.0	50.0	295.0	223.0	164.0
2396286111	0.0	0.0	0.0	0.0	10.0
2397991440	0.0	0.0	0.0	0.0	1436.0
2399301482	163.0	127.0	90.0	66.0	77.0
2409034375	0.0	0.0	0.0	0.0	908.0
2414492964	0.0	0.0	90.0	72.0	686.0
2420331001	0.0	0.0	1.0	33.0	88.0
2421099807	0.0	0.0	0.0	70.0	0.0
2421203193	20.0	120.0	127.0	79.0	71.0
2421208073	0.0	88.0	141.0	205.0	338.0
2423757750	40.0	151.0	111.0	135.0	207.0
2426309195	0.0	0.0	0.0	89.0	127.0
2428440643	12.0	83.0	241.0	165.0	212.0
2429847483	0.0	0.0	13.0	133.0	595.0
2435703477	0.0	0.0	0.0	0.0	10.0
2435727903	112.0	166.0	161.0	136.0	66.0
2436313222	0.0	31.0	207.0	242.0	299.0
2439854907	0.0	10.0	165.0	129.0	163.0
2441661772	0.0	0.0	117.0	200.0	425.0
2448184413	0.0	62.0	108.0	136.0	570.0
2451549504	20.0	106.0	169.0	186.0	230.0
2451667715	42.0	128.0	156.0	121.0	115.0
2451705144	0.0	51.0	67.0	281.0	356.0
2453801347	11.0	107.0	126.0	79.0	104.0
2457872727	12.0	13.0	16.0	9.0	4.0
2459718987	0.0	0.0	0.0	21.0	7.0
2467783493	2.0	5.0	30.0	120.0	145.0
2469840975	0.0	47.0	60.0	41.0	44.0
2476006692	0.0	39.0	200.0	197.0	294.0
2483317713	10.0	19.0	142.0	13.0	0.0
2484835381	9.0	0.0	0.0	0.0	1.0
2485565120	0.0	0.0	77.0	221.0	468.0
2486600300	0.0	0.0	0.0	4.0	149.0
2493118952	10.0	72.0	220.0	192.0	245.0
2495327692	0.0	0.0	0.0	0.0	1022.0
2496393764	0.0	19.0	65.0	223.0	486.0
2497028981	30.0	107.0	194.0	147.0	341.0
2505955900	0.0	0.0	161.0	142.0	491.0
2508899287	14.0	22.0	9.0	24.0	28.0
2512574061	0.0	0.0	0.0	0.0	646.0
2513522613	115.0	168.0	178.0	98.0	128.0
2516683113	59.0	88.0	67.0	115.0	102.0
2517830513	1.0	10.0	96.0	212.0	451.0
2518349655	0.0	0.0	155.0	245.0	268.0
2519379874	0.0	10.0	14.0	81.0	685.0
2519414790	20.0	10.0	18.0	39.0	75.0
2519732362	31.0	47.0	2.0	0.0	31.0
2520889334	0.0	265.0	143.0	12.0	148.0
2521766162	0.0	28.0	89.0	244.0	563.0
2537099500	0.0	60.0	137.0	69.0	55.0
2543598961	17.0	72.0	28.0	21.0	61.0
2545230535	74.0	92.0	76.0	59.0	124.0
2548127017	30.0	20.0	20.0	34.0	33.0
2550491047	10.0	8.0	32.0	93.0	135.0
2557586352	16.0	6.0	14.0	6.0	11.0
2576278033	75.0	187.0	201.0	122.0	117.0
2576867470	0.0	33.0	23.0	29.0	61.0
2589432731	0.0	0.0	29.0	170.0	565.0
2589463190	54.0	14.0	18.0	13.0	6.0
2595620092	30.0	53.0	171.0	168.0	485.0
2600645972	0.0	0.0	0.0	0.0	1012.0
2602484450	0.0	0.0	0.0	0.0	802.0
2604354275	0.0	0.0	159.0	214.0	406.0
2608983881	26.0	134.0	107.0	181.0	343.0
2609640140	338.0	308.0	31.0	3.0	0.0
2610898374	0.0	0.0	73.0	269.0	330.0
2611030625	10.0	0.0	10.0	278.0	521.0
2613006173	77.0	199.0	133.0	63.0	169.0
2614187173	0.0	0.0	0.0	0.0	93.0
2615850625	114.0	263.0	210.0	98.0	59.0
2619057517	34.0	89.0	76.0	62.0	94.0
2619130163	0.0	19.0	401.0	268.0	255.0
2619215692	0.0	1.0	0.0	40.0	397.0
2624215580	8.0	3.0	15.0	44.0	40.0
2625018254	0.0	0.0	132.0	92.0	562.0
2625098494	0.0	0.0	148.0	251.0	333.0
2626658043	0.0	0.0	30.0	131.0	349.0
2626682903	0.0	40.0	157.0	261.0	470.0
2626683933	42.0	120.0	148.0	166.0	199.0
2626689011	0.0	71.0	239.0	96.0	354.0
2626690453	0.0	65.0	170.0	303.0	286.0
2626697577	0.0	26.0	168.0	266.0	293.0
2626948743	21.0	7.0	31.0	25.0	22.0
2627323163	0.0	24.0	44.0	75.0	126.0
2633766381	10.0	35.0	44.0	18.0	29.0
2638266847	0.0	0.0	0.0	39.0	0.0
2640565534	0.0	1.0	171.0	262.0	319.0
2641636423	142.0	164.0	117.0	128.0	116.0
2645996150	34.0	22.0	23.0	34.0	38.0
2646163860	21.0	10.0	11.0	38.0	28.0
2648157505	0.0	0.0	79.0	257.0	422.0
2648619503	1.0	0.0	0.0	0.0	201.0
2650257612	0.0	9.0	40.0	246.0	512.0
2650274624	9.0	46.0	34.0	231.0	458.0
2650922794	0.0	0.0	62.0	18.0	777.0
2651196052	10.0	18.0	95.0	169.0	229.0
2652162890	0.0	0.0	26.0	23.0	757.0
2654915197	6.0	2.0	5.0	5.0	2.0
2656829134	0.0	0.0	142.0	241.0	407.0
2657026753	0.0	15.0	167.0	265.0	338.0
2657550845	0.0	0.0	0.0	12.0	15.0
2663280231	0.0	0.0	0.0	106.0	74.0
2663743715	0.0	103.0	192.0	196.0	330.0
2670125917	0.0	10.0	171.0	284.0	308.0
2673702334	0.0	0.0	68.0	105.0	266.0
2674862233	0.0	12.0	41.0	133.0	113.0
2685579400	0.0	31.0	96.0	70.0	81.0
2686579097	137.0	193.0	131.0	77.0	127.0
2692255291	0.0	0.0	91.0	16.0	779.0
2701148474	11.0	30.0	65.0	71.0	65.0
2701583622	0.0	0.0	0.0	0.0	9.0
2702985475	34.0	34.0	72.0	146.0	10.0
2703083495	20.0	1.0	2.0	8.0	25.0
2705688633	0.0	0.0	52.0	82.0	662.0
2708629577	38.0	22.0	0.0	94.0	682.0
2709577332	0.0	0.0	0.0	0.0	10.0
2711307095	0.0	10.0	11.0	255.0	462.0
2711369471	9.0	0.0	10.0	50.0	342.0
2711373095	125.0	54.0	29.0	143.0	423.0
2712297332	10.0	20.0	0.0	283.0	546.0
2712860252	19.0	10.0	95.0	78.0	68.0
2713686834	37.0	20.0	37.0	86.0	575.0
2714257590	0.0	49.0	27.0	225.0	443.0
2719325441	83.0	66.0	68.0	68.0	72.0
2722387481	70.0	197.0	127.0	132.0	103.0
2722441930	10.0	79.0	180.0	158.0	292.0
2723620723	19.0	10.0	10.0	0.0	790.0
2723635982	63.0	140.0	372.0	18.0	53.0
2726601057	0.0	47.0	212.0	202.0	191.0
2729836251	10.0	109.0	88.0	71.0	76.0
2731146817	10.0	5.0	17.0	7.0	9.0
2732055990	20.0	35.0	53.0	50.0	79.0
2732509803	79.0	109.0	84.0	113.0	114.0
2737421304	0.0	98.0	105.0	220.0	380.0
2738860822	0.0	20.0	98.0	66.0	86.0
2740317235	0.0	0.0	0.0	141.0	668.0
2740928150	4.0	4.0	2.0	11.0	13.0
2742964807	607.0	34.0	3.0	0.0	11.0
2744991144	0.0	0.0	0.0	0.0	20.0
2752831922	0.0	0.0	127.0	324.0	340.0
2756133977	8.0	10.0	1.0	7.0	12.0
2757194940	0.0	27.0	146.0	136.0	194.0
2758336701	69.0	92.0	78.0	105.0	106.0
2760275217	41.0	76.0	121.0	161.0	300.0
2762663280	0.0	0.0	75.0	81.0	584.0
2772147951	0.0	0.0	0.0	46.0	115.0
2779530461	110.0	203.0	122.0	129.0	165.0
2780654600	9.0	90.0	36.0	38.0	25.0
2783769922	1.0	0.0	1.0	0.0	1.0
2784078091	57.0	71.0	50.0	60.0	68.0
2784367214	0.0	0.0	0.0	0.0	28.0
2791546850	0.0	0.0	101.0	74.0	123.0
2791879260	40.0	12.0	46.0	18.0	74.0
2794060445	47.0	218.0	196.0	231.0	120.0
2794215895	0.0	61.0	118.0	106.0	136.0
2794665971	38.0	162.0	209.0	195.0	202.0
2796073322	3.0	34.0	11.0	14.0	24.0
2796627290	49.0	26.0	19.0	9.0	44.0
2796802654	18.0	40.0	16.0	29.0	20.0
2802930744	0.0	0.0	178.0	45.0	551.0
2804610542	90.0	81.0	99.0	70.0	278.0
2805326271	0.0	10.0	247.0	285.0	345.0
2807684421	0.0	48.0	203.0	94.0	159.0
2811229670	75.0	154.0	171.0	122.0	218.0
2811535837	24.0	2.0	30.0	29.0	35.0
2813469294	0.0	13.0	127.0	128.0	473.0
2814948734	0.0	1.0	12.0	7.0	25.0
2816892483	0.0	0.0	9.0	11.0	149.0
2818638325	60.0	40.0	14.0	33.0	9.0
2823170691	41.0	97.0	92.0	138.0	164.0
2823417024	47.0	94.0	80.0	90.0	170.0
2828207064	0.0	0.0	0.0	0.0	11.0
2829130665	0.0	107.0	152.0	141.0	243.0
2834527360	10.0	32.0	18.0	14.0	14.0
2835392520	0.0	0.0	10.0	14.0	33.0
2838324945	78.0	149.0	126.0	97.0	114.0
2840252665	41.0	172.0	156.0	129.0	196.0
2841054630	20.0	29.0	55.0	32.0	72.0
2848406842	31.0	21.0	43.0	54.0	92.0
2854735801	0.0	29.0	237.0	271.0	315.0
2855143392	0.0	0.0	0.0	0.0	10.0
2856943142	9.0	151.0	262.0	134.0	131.0
2863636282	0.0	0.0	18.0	22.0	50.0
2871012475	255.0	47.0	18.0	39.0	26.0
2873202464	0.0	0.0	0.0	0.0	77.0
2879299311	29.0	9.0	8.0	0.0	4.0
2880923225	0.0	0.0	49.0	248.0	461.0
2882083237	93.0	135.0	142.0	116.0	101.0
2885273312	0.0	24.0	46.0	57.0	48.0
2893351587	19.0	281.0	148.0	10.0	48.0
2894131574	0.0	20.0	137.0	186.0	454.0
2895287230	0.0	0.0	0.0	14.0	101.0
2904869231	0.0	120.0	218.0	163.0	249.0
2905597415	0.0	1.0	31.0	11.0	21.0
2907576527	57.0	52.0	34.0	133.0	168.0
2909406375	0.0	0.0	27.0	71.0	664.0
2916558967	98.0	178.0	151.0	165.0	138.0
2920964804	0.0	0.0	0.0	0.0	1251.0
2921244020	0.0	129.0	163.0	204.0	207.0
2921244052	0.0	57.0	191.0	212.0	263.0
2922893803	0.0	47.0	193.0	229.0	241.0
2924853791	44.0	177.0	219.0	210.0	189.0
2927040120	0.0	112.0	193.0	212.0	219.0
2929743983	47.0	160.0	123.0	172.0	235.0
2934018990	0.0	0.0	0.0	0.0	919.0
2936928392	10.0	159.0	265.0	197.0	127.0
2939662322	139.0	111.0	121.0	112.0	87.0
2940306862	62.0	111.0	90.0	57.0	48.0
2950079471	0.0	0.0	0.0	0.0	917.0
2952435102	0.0	0.0	14.0	310.0	420.0
2958393353	78.0	65.0	96.0	154.0	130.0
2970036311	10.0	102.0	156.0	224.0	223.0
2970452952	0.0	12.0	13.0	18.0	21.0
2976236410	85.0	150.0	152.0	167.0	140.0
2978297680	0.0	0.0	48.0	348.0	401.0
2989711261	2.0	74.0	43.0	165.0	122.0
2991093430	0.0	0.0	59.0	35.0	45.0
2998067174	0.0	0.0	0.0	0.0	1117.0
2998966864	0.0	0.0	206.0	303.0	410.0
3018242917	0.0	0.0	8.0	10.0	777.0
3041018631	0.0	0.0	0.0	0.0	38.0
3042505735	28.0	24.0	204.0	217.0	266.0
3056560531	0.0	0.0	0.0	0.0	836.0
3063262651	0.0	0.0	0.0	0.0	14.0
3065331875	29.0	40.0	41.0	25.0	60.0
3082731712	0.0	0.0	0.0	169.0	505.0
3083673764	4.0	152.0	200.0	184.0	223.0
3085327787	0.0	28.0	110.0	242.0	371.0
3090409010	72.0	10.0	13.0	16.0	10.0
3090446140	116.0	19.0	16.0	17.0	20.0
3092386187	93.0	242.0	133.0	88.0	156.0
3097328157	10.0	0.0	65.0	0.0	732.0
3101945993	0.0	0.0	6.0	0.0	869.0
3105995457	0.0	0.0	0.0	6.0	0.0
3106081485	0.0	0.0	0.0	0.0	1254.0
3129516717	30.0	11.0	18.0	20.0	20.0
3136788225	0.0	6.0	23.0	78.0	355.0
3144514582	0.0	0.0	21.0	50.0	2.0
3146413724	10.0	100.0	176.0	208.0	277.0
3148758435	14.0	9.0	79.0	98.0	77.0
3152908701	2.0	13.0	0.0	0.0	33.0
3154810532	0.0	0.0	63.0	9.0	846.0
3163159453	0.0	10.0	4.0	4.0	10.0
3163213212	0.0	0.0	8.0	325.0	466.0
3163859682	86.0	71.0	20.0	17.0	37.0
3166400590	0.0	0.0	2.0	2.0	40.0
3167305545	0.0	18.0	212.0	285.0	379.0
3171948942	10.0	0.0	7.0	14.0	19.0
3174997853	0.0	0.0	261.0	294.0	247.0
3175704507	0.0	0.0	7.0	16.0	29.0
3179407457	0.0	9.0	63.0	253.0	372.0
3182354683	0.0	0.0	0.0	0.0	68.0
3189405031	17.0	23.0	17.0	9.0	18.0
3191534861	10.0	70.0	176.0	141.0	201.0
3191568265	25.0	77.0	94.0	63.0	102.0
3193430923	12.0	10.0	34.0	27.0	30.0
3194192161	0.0	108.0	153.0	206.0	302.0
3198167840	20.0	10.0	52.0	72.0	114.0
3199893597	0.0	0.0	0.0	0.0	912.0
3200440947	21.0	20.0	13.0	33.0	26.0
3203139555	0.0	13.0	5.0	6.0	3.0
3204658137	10.0	340.0	83.0	182.0	129.0
3206325802	56.0	170.0	170.0	192.0	64.0
3209618112	0.0	78.0	226.0	227.0	223.0
3210735725	87.0	72.0	46.0	60.0	45.0
3213060995	46.0	115.0	111.0	214.0	129.0
3214649904	0.0	10.0	73.0	174.0	559.0
3221914435	4.0	2.0	0.0	3.0	0.0
3222409142	0.0	0.0	16.0	215.0	516.0
3225022692	0.0	53.0	121.0	20.0	218.0
3234978620	0.0	0.0	0.0	266.0	493.0
3249453684	146.0	218.0	38.0	67.0	5.0
3253328830	0.0	0.0	75.0	297.0	368.0
3264689290	0.0	0.0	120.0	150.0	542.0
3276238870	0.0	0.0	127.0	115.0	594.0
3276810147	0.0	45.0	218.0	156.0	207.0
3283708002	0.0	0.0	49.0	150.0	96.0
3289097097	0.0	6.0	1.0	149.0	482.0
3294848175	0.0	0.0	0.0	10.0	0.0
3296096972	0.0	0.0	0.0	0.0	6.0
3300097505	48.0	0.0	54.0	38.0	7.0
3303810634	0.0	0.0	0.0	0.0	1264.0
3305085281	0.0	0.0	79.0	47.0	704.0
3307175952	4.0	5.0	1.0	7.0	16.0
3314280193	0.0	0.0	0.0	0.0	858.0
3315542331	0.0	50.0	170.0	380.0	252.0
3323442082	0.0	0.0	20.0	0.0	792.0
3334839182	0.0	147.0	247.0	317.0	130.0
3345937850	1.0	0.0	0.0	1.0	3.0
3351733370	59.0	68.0	102.0	79.0	112.0
3359309784	10.0	14.0	9.0	7.0	38.0
3368110604	0.0	45.0	267.0	111.0	361.0
3401191764	0.0	0.0	0.0	0.0	826.0
3419305134	0.0	0.0	0.0	0.0	134.0
3461350924	9.0	7.0	23.0	28.0	28.0
3464551694	0.0	0.0	126.0	281.0	330.0
3474574632	20.0	59.0	102.0	125.0	73.0
3517499214	116.0	191.0	145.0	91.0	121.0
3523916795	16.0	24.0	83.0	137.0	203.0
3538266147	0.0	0.0	0.0	0.0	149.0
3538621574	0.0	0.0	155.0	249.0	431.0
3538883541	92.0	151.0	129.0	120.0	237.0
3540631410	0.0	20.0	143.0	185.0	369.0
3541109237	0.0	0.0	0.0	0.0	958.0
3547430354	0.0	1.0	4.0	11.0	11.0
3553487927	3.0	70.0	19.0	297.0	464.0
3562668795	0.0	0.0	0.0	59.0	98.0
3567056502	9.0	29.0	171.0	247.0	357.0
3611140305	0.0	0.0	0.0	0.0	436.0
3613440743	0.0	0.0	0.0	0.0	1337.0
3633515512	0.0	0.0	0.0	0.0	889.0
3664122147	10.0	45.0	44.0	72.0	212.0
3670653167	19.0	24.0	5.0	25.0	25.0
3694919990	0.0	0.0	55.0	0.0	799.0
3702609717	0.0	0.0	64.0	212.0	553.0
3714111905	0.0	0.0	0.0	8.0	1.0
3726449081	0.0	33.0	120.0	41.0	33.0
3730040331	18.0	23.0	64.0	76.0	44.0
3740190167	0.0	0.0	0.0	11.0	1.0
3768854581	0.0	0.0	118.0	46.0	48.0
3788285987	34.0	176.0	159.0	157.0	162.0
3817188860	9.0	30.0	52.0	42.0	51.0
3825044959	59.0	311.0	145.0	73.0	175.0
3825083840	10.0	0.0	83.0	372.0	581.0
3833070073	32.0	77.0	161.0	43.0	77.0
3847782259	0.0	0.0	0.0	98.0	286.0
3859183304	0.0	5.0	6.0	0.0	5.0
3867177078	7.0	42.0	36.0	61.0	188.0
3881021356	0.0	0.0	27.0	0.0	730.0
3881023149	0.0	10.0	67.0	338.0	360.0
3888073849	107.0	81.0	152.0	81.0	127.0
3897355704	20.0	111.0	189.0	125.0	177.0
3898259747	0.0	0.0	0.0	0.0	1052.0
3913887849	46.0	104.0	75.0	139.0	212.0
3913908806	0.0	0.0	55.0	162.0	140.0
3914131564	0.0	52.0	116.0	180.0	285.0
3920631851	0.0	0.0	49.0	0.0	875.0
3920678309	0.0	7.0	1.0	12.0	7.0
3934035612	0.0	0.0	9.0	194.0	615.0
3938522262	0.0	122.0	170.0	179.0	311.0
3940460809	0.0	0.0	87.0	230.0	509.0
3943178392	0.0	0.0	0.0	0.0	846.0
3963155532	248.0	182.0	36.0	66.0	135.0
3966016723	154.0	97.0	89.0	142.0	171.0
3969876050	0.0	0.0	0.0	188.0	16.0
3970319509	0.0	20.0	87.0	266.0	377.0
3972488587	0.0	0.0	157.0	199.0	506.0
3982698971	27.0	111.0	218.0	182.0	240.0
3985527728	10.0	44.0	45.0	20.0	16.0
3986933335	0.0	0.0	37.0	0.0	820.0
5035129725	55.0	59.0	52.0	35.0	51.0
5040955225	95.0	144.0	165.0	162.0	174.0
5041262490	27.0	52.0	31.0	31.0	43.0
5042104968	58.0	89.0	88.0	141.0	101.0
5042478371	0.0	0.0	39.0	14.0	775.0
5059187293	45.0	137.0	96.0	201.0	199.0
5073481692	0.0	0.0	43.0	37.0	747.0
5075005632	0.0	0.0	76.0	70.0	53.0
5075056335	0.0	0.0	13.0	10.0	758.0
5076607678	47.0	161.0	41.0	42.0	10.0
5079349665	2.0	0.0	32.0	1.0	0.0
5083082187	161.0	91.0	123.0	80.0	247.0
5086594940	0.0	23.0	27.0	38.0	47.0
5088727174	0.0	40.0	58.0	287.0	434.0
5090636336	87.0	59.0	26.0	52.0	46.0
5092710096	0.0	0.0	0.0	0.0	18.0
5095544206	0.0	94.0	243.0	202.0	240.0
5098547539	14.0	56.0	64.0	141.0	156.0
5101863971	132.0	186.0	172.0	107.0	74.0
5108139177	0.0	0.0	287.0	2.0	563.0
5111339189	17.0	47.0	26.0	279.0	373.0
5117168923	4.0	3.0	11.0	0.0	9.0
5125859452	3.0	4.0	33.0	53.0	55.0
5127225727	69.0	193.0	106.0	181.0	204.0
5131553839	0.0	0.0	0.0	36.0	123.0
5131587272	0.0	70.0	124.0	215.0	195.0
5137463751	0.0	0.0	0.0	51.0	340.0
5138579079	0.0	0.0	19.0	0.0	872.0
5141554987	0.0	0.0	0.0	0.0	1046.0
5142633529	0.0	26.0	148.0	149.0	244.0
5143990099	0.0	0.0	0.0	20.0	0.0
5144375221	0.0	1.0	3.0	2.0	18.0
5144723923	0.0	12.0	142.0	105.0	146.0
5150931617	107.0	71.0	104.0	62.0	62.0
5156251815	0.0	0.0	45.0	64.0	633.0
5166184780	7.0	22.0	19.0	14.0	42.0
5177358951	19.0	15.0	9.0	19.0	27.0
5191190515	10.0	0.0	12.0	11.0	54.0
5202542789	0.0	0.0	10.0	153.0	225.0
5203557497	0.0	0.0	0.0	0.0	4.0
5203904597	0.0	0.0	0.0	0.0	1.0
5205919794	0.0	10.0	101.0	201.0	406.0
5208724334	0.0	0.0	0.0	0.0	1325.0
5212571993	126.0	71.0	28.0	23.0	22.0
5215952550	0.0	161.0	172.0	50.0	129.0
5217890053	0.0	0.0	0.0	0.0	1907.0
5232055343	43.0	71.0	15.0	22.0	29.0
5242360341	17.0	11.0	17.0	4.0	16.0
5242849168	40.0	0.0	43.0	27.0	26.0
5245080276	0.0	0.0	10.0	28.0	5.0
5249312330	10.0	4.0	59.0	7.0	23.0
5260456395	0.0	0.0	0.0	0.0	1760.0
5263758728	52.0	78.0	84.0	286.0	272.0
5264641136	0.0	26.0	217.0	232.0	253.0
5269183639	0.0	0.0	78.0	162.0	545.0
5269265791	0.0	0.0	0.0	0.0	1161.0
5269486200	0.0	0.0	183.0	254.0	305.0
5270275602	0.0	178.0	278.0	169.0	51.0
5278394717	0.0	0.0	23.0	297.0	433.0
5278427062	76.0	104.0	113.0	189.0	86.0
5297643799	0.0	0.0	0.0	0.0	1678.0
5306156534	0.0	332.0	114.0	81.0	117.0
5316377831	0.0	4.0	3.0	3.0	7.0
5330077876	0.0	0.0	0.0	0.0	1240.0
5330082337	0.0	0.0	0.0	0.0	1016.0
5340823949	19.0	64.0	55.0	7.0	1.0
5340919261	7.0	5.0	10.0	0.0	20.0
5341561206	3.0	5.0	6.0	4.0	19.0
5341832954	29.0	49.0	111.0	114.0	106.0
5343802312	0.0	0.0	47.0	0.0	814.0
5352788367	0.0	82.0	156.0	217.0	343.0
5362336233	0.0	0.0	228.0	216.0	302.0
5365994144	25.0	21.0	39.0	16.0	37.0
5385725310	0.0	60.0	49.0	141.0	505.0
5388584202	6.0	149.0	218.0	158.0	171.0
5426460093	0.0	22.0	256.0	240.0	256.0
5427040431	0.0	107.0	234.0	218.0	291.0
5448480859	71.0	171.0	173.0	182.0	169.0
5450093472	0.0	0.0	179.0	120.0	552.0
5452174546	12.0	10.0	10.0	0.0	130.0
5455490563	44.0	41.0	21.0	32.0	44.0
5463363021	0.0	0.0	2.0	0.0	42.0
5466029816	0.0	292.0	121.0	161.0	101.0
5466592990	33.0	216.0	223.0	74.0	267.0
5468891022	0.0	0.0	231.0	452.0	258.0
5471196873	0.0	0.0	0.0	0.0	1.0
5487426270	0.0	37.0	165.0	188.0	339.0
5490326028	0.0	0.0	12.0	53.0	31.0
5490641722	37.0	44.0	32.0	37.0	37.0
5498841630	0.0	0.0	251.0	201.0	294.0
5510622529	43.0	123.0	157.0	136.0	172.0
5512922997	0.0	58.0	160.0	186.0	368.0
5518629816	0.0	0.0	0.0	24.0	67.0
5527131205	0.0	0.0	0.0	0.0	8.0
5530920153	0.0	57.0	128.0	295.0	296.0
5540466595	0.0	0.0	40.0	0.0	801.0
5540681648	223.0	131.0	48.0	104.0	186.0
5541345550	0.0	68.0	31.0	98.0	580.0
5541613374	34.0	122.0	21.0	90.0	34.0
5545165107	0.0	0.0	57.0	0.0	763.0
5546717665	0.0	0.0	0.0	0.0	1477.0
5556631847	1.0	0.0	218.0	248.0	361.0
5556869758	73.0	33.0	52.0	84.0	48.0
5561157660	0.0	2.0	10.0	132.0	166.0
5562297500	357.0	173.0	65.0	38.0	14.0
5570345486	119.0	46.0	8.0	1.0	1.0
5575084454	49.0	22.0	10.0	0.0	20.0
5581363016	73.0	69.0	88.0	38.0	76.0
5585306684	0.0	0.0	0.0	97.0	716.0
5586771466	47.0	40.0	53.0	59.0	79.0
5593931611	83.0	150.0	185.0	150.0	175.0
5600029229	0.0	0.0	98.0	244.0	454.0
5601948311	0.0	0.0	0.0	0.0	828.0
5609949025	29.0	153.0	162.0	253.0	266.0
5613993790	0.0	0.0	0.0	33.0	93.0
5614453847	396.0	141.0	69.0	49.0	96.0
5616413326	0.0	19.0	158.0	211.0	409.0
5621753164	0.0	0.0	0.0	0.0	121.0
5647938339	35.0	60.0	22.0	19.0	18.0
5649244896	20.0	34.0	33.0	38.0	67.0
5655452204	0.0	0.0	0.0	0.0	154.0
5659237191	10.0	226.0	187.0	136.0	226.0
5661505070	0.0	0.0	0.0	0.0	1182.0
5661962543	0.0	40.0	133.0	132.0	112.0
5662555038	0.0	0.0	28.0	58.0	77.0
5667272865	0.0	17.0	138.0	320.0	251.0
5671310355	0.0	0.0	0.0	10.0	17.0
5672212831	0.0	74.0	206.0	236.0	199.0
5672509786	0.0	0.0	9.0	80.0	729.0
5675449379	29.0	19.0	41.0	100.0	65.0
5675789231	28.0	23.0	21.0	15.0	26.0
5683860740	75.0	77.0	55.0	82.0	124.0
5685858421	0.0	7.0	165.0	7.0	721.0
5696628760	0.0	141.0	79.0	222.0	363.0
5699464819	45.0	40.0	27.0	36.0	36.0
5701560760	49.0	109.0	53.0	41.0	36.0
5701705494	0.0	27.0	197.0	234.0	252.0
5705372166	175.0	124.0	94.0	51.0	55.0
5716783177	0.0	0.0	2.0	14.0	41.0
5717651958	0.0	0.0	0.0	0.0	1171.0
5727695436	0.0	0.0	39.0	29.0	35.0
5729126469	0.0	47.0	48.0	58.0	59.0
5732776759	0.0	47.0	25.0	32.0	43.0
5734938853	0.0	10.0	0.0	7.0	165.0
5735288397	9.0	40.0	48.0	18.0	371.0
5737298088	0.0	0.0	0.0	0.0	4.0
5737500316	0.0	0.0	0.0	0.0	1.0
5738118995	92.0	10.0	0.0	9.0	0.0
5742251187	76.0	81.0	117.0	87.0	113.0
5745465668	0.0	9.0	36.0	183.0	238.0
5745465714	39.0	77.0	45.0	62.0	37.0
5745465746	49.0	59.0	30.0	8.0	1.0
5745465801	0.0	0.0	0.0	33.0	791.0
5745465809	0.0	0.0	0.0	0.0	10.0
5745465818	0.0	3.0	4.0	2.0	19.0
5747171145	0.0	0.0	8.0	3.0	10.0
5747171149	20.0	10.0	206.0	153.0	158.0
5747171209	0.0	0.0	0.0	0.0	1066.0
5747171211	56.0	77.0	114.0	80.0	125.0
5747171223	0.0	0.0	0.0	0.0	1323.0
5747171241	20.0	81.0	212.0	99.0	102.0
5747171292	0.0	6.0	2.0	1.0	19.0
5748661306	0.0	3.0	16.0	0.0	12.0
5751573414	0.0	0.0	20.0	14.0	658.0
5756467581	0.0	13.0	14.0	30.0	15.0
5757998794	0.0	0.0	0.0	1.0	0.0
5761843184	0.0	0.0	0.0	231.0	494.0
5763577473	10.0	10.0	81.0	130.0	53.0
5780974966	17.0	8.0	11.0	18.0	36.0
5785510365	0.0	0.0	0.0	0.0	44.0
5785689035	33.0	103.0	130.0	135.0	75.0
5792617656	52.0	28.0	19.0	10.0	20.0
5792803077	0.0	0.0	0.0	0.0	921.0
5793687703	1.0	1.0	2.0	1.0	0.0
5794971956	0.0	13.0	7.0	10.0	20.0
5795011847	64.0	289.0	102.0	18.0	134.0
5796841416	0.0	0.0	0.0	11.0	11.0
5802853796	1.0	2.0	31.0	14.0	686.0
5810945254	0.0	20.0	98.0	22.0	67.0
5812136799	0.0	0.0	0.0	0.0	990.0
5815357128	0.0	40.0	96.0	355.0	311.0
5820997239	0.0	0.0	5.0	7.0	3.0
5821489457	0.0	1.0	5.0	5.0	7.0
5833583486	27.0	27.0	23.0	17.0	34.0
5836409535	1.0	12.0	31.0	12.0	14.0
5853565016	3.0	57.0	130.0	57.0	54.0
5860114965	1.0	14.0	49.0	109.0	43.0
5860115721	0.0	30.0	141.0	143.0	145.0
5860115918	5.0	154.0	88.0	55.0	70.0
5860465636	8.0	146.0	44.0	76.0	45.0
5860465812	4.0	119.0	79.0	74.0	98.0
5865799720	0.0	0.0	0.0	0.0	1839.0
5868150992	0.0	10.0	26.0	63.0	97.0
5869731230	0.0	0.0	152.0	127.0	5.0
5871697862	0.0	0.0	0.0	30.0	175.0
5871882880	0.0	0.0	121.0	25.0	3.0
5871915911	0.0	10.0	95.0	76.0	71.0
5872605952	0.0	0.0	0.0	69.0	76.0
5874421195	0.0	0.0	28.0	7.0	55.0
5877737972	0.0	26.0	39.0	9.0	0.0
5879823459	0.0	0.0	0.0	14.0	85.0
5880356967	0.0	0.0	0.0	0.0	10.0
5880895746	0.0	87.0	53.0	30.0	20.0
5886225740	0.0	0.0	0.0	0.0	1744.0
5886288469	0.0	0.0	0.0	0.0	1430.0
5886624365	0.0	0.0	0.0	18.0	27.0
5890114486	0.0	61.0	88.0	37.0	29.0
5890886959	0.0	0.0	10.0	28.0	8.0
5896616568	0.0	7.0	104.0	42.0	56.0
5897718391	0.0	28.0	344.0	223.0	124.0
5897948226	0.0	0.0	0.0	0.0	1659.0
5897998899	0.0	0.0	3.0	3.0	3.0
5898289551	0.0	0.0	0.0	140.0	0.0
5907262772	0.0	0.0	0.0	0.0	1278.0
5907511965	0.0	68.0	193.0	46.0	14.0
5913360362	0.0	8.0	7.0	18.0	25.0
5917086703	0.0	0.0	27.0	33.0	134.0
5922754405	0.0	0.0	0.0	0.0	1798.0
5934050272	0.0	0.0	0.0	87.0	103.0
5935891793	0.0	0.0	0.0	0.0	9.0
5940597074	0.0	0.0	0.0	10.0	363.0
5948336939	0.0	0.0	140.0	139.0	118.0
5955516943	0.0	0.0	20.0	108.0	99.0
5960989059	0.0	0.0	101.0	0.0	3.0
5976647137	0.0	0.0	35.0	45.0	17.0
5978791348	0.0	0.0	6.0	1.0	0.0
5981859607	0.0	0.0	7.0	17.0	17.0
5981960719	0.0	0.0	10.0	10.0	0.0
5985174762	0.0	0.0	0.0	3.0	6.0
5991771342	0.0	0.0	0.0	11.0	79.0
5992567630	0.0	0.0	10.0	41.0	163.0
5993892239	0.0	0.0	11.0	23.0	5.0
5994028437	0.0	0.0	0.0	1.0	2.0
5997529482	0.0	0.0	0.0	0.0	28.0
6000046158	0.0	0.0	4.0	6.0	10.0
6002179201	0.0	0.0	0.0	0.0	39.0
6002839365	0.0	0.0	1.0	3.0	43.0
6006394101	0.0	0.0	0.0	0.0	1.0
6008648596	0.0	0.0	0.0	14.0	172.0
6011366089	0.0	0.0	0.0	55.0	39.0
6011988371	0.0	0.0	0.0	14.0	11.0
6012171411	0.0	0.0	0.0	0.0	1670.0
6012224021	0.0	0.0	0.0	0.0	1726.0
6012801927	0.0	0.0	0.0	58.0	49.0
6025707566	0.0	0.0	0.0	0.0	6.0
6027000226	0.0	0.0	0.0	0.0	2.0
6028795611	0.0	0.0	0.0	0.0	2.0
6031554058	0.0	0.0	0.0	5.0	0.0
6032285351	0.0	0.0	0.0	2.0	77.0
6041575744	0.0	0.0	0.0	33.0	8.0
6043367173	0.0	0.0	0.0	82.0	0.0
6043658718	0.0	0.0	0.0	28.0	103.0
6044380859	0.0	0.0	0.0	8.0	22.0
6045532842	0.0	0.0	0.0	0.0	3.0
6048312341	0.0	0.0	0.0	13.0	18.0
6048952028	0.0	0.0	0.0	13.0	0.0
6050943812	0.0	0.0	0.0	0.0	693.0
6053295480	0.0	0.0	0.0	0.0	163.0
6057485547	0.0	0.0	0.0	0.0	28.0
6058166323	0.0	0.0	0.0	6.0	3.0
6064226600	0.0	0.0	0.0	0.0	14.0
6073691376	0.0	0.0	0.0	1.0	8.0
6075854440	0.0	0.0	0.0	0.0	20.0
6077536321	0.0	0.0	0.0	0.0	20.0
6078309644	0.0	0.0	0.0	0.0	16.0
6081915398	0.0	0.0	0.0	0.0	8.0
6085778395	0.0	0.0	0.0	0.0	101.0
6086692017	0.0	0.0	0.0	0.0	9.0
6087407136	0.0	0.0	0.0	0.0	18.0
6096303551	0.0	0.0	0.0	0.0	133.0
6100366381	0.0	0.0	0.0	0.0	14.0
6113112226	0.0	0.0	0.0	0.0	114.0
6117563192	0.0	0.0	0.0	0.0	68.0
6122935273	0.0	0.0	0.0	0.0	50.0
6128706745	0.0	0.0	0.0	0.0	138.0
6144363209	0.0	0.0	0.0	0.0	4.0
6155170120	0.0	0.0	0.0	0.0	16.0
6157089150	0.0	0.0	0.0	0.0	29.0
1036701494	39.0	41.0	39.0	26.0	37.0
1075376185	16.0	10.0	39.0	32.0	29.0
1147703514	14.0	48.0	41.0	31.0	99.0
1149123383	20.0	13.0	18.0	6.0	4.0
1164589025	102.0	96.0	159.0	171.0	134.0
1179630143	10.0	0.0	0.0	0.0	20.0
1199769167	28.0	25.0	42.0	33.0	53.0
1212208092	10.0	9.0	30.0	0.0	10.0
1216431741	0.0	0.0	0.0	155.0	643.0
1218639357	40.0	136.0	92.0	100.0	171.0
1219957677	10.0	16.0	7.0	16.0	52.0
1221407170	12.0	8.0	17.0	22.0	30.0
1225574955	34.0	21.0	20.0	28.0	36.0
1241909502	54.0	89.0	72.0	79.0	95.0
1242563970	57.0	176.0	78.0	72.0	136.0
1246529447	13.0	47.0	46.0	41.0	38.0
1251186131	37.0	117.0	78.0	40.0	82.0
1253268747	0.0	14.0	76.0	61.0	80.0
1262775115	22.0	40.0	33.0	35.0	36.0
1263478891	18.0	40.0	26.0	41.0	19.0
1277426872	16.0	15.0	6.0	8.0	10.0
1301913240	16.0	17.0	17.0	6.0	35.0
1354290737	39.0	79.0	71.0	40.0	75.0
1363456275	0.0	4.0	6.0	1.0	5.0
1398025082	9.0	13.0	12.0	10.0	19.0
1400398511	24.0	215.0	150.0	146.0	193.0
1401538444	0.0	1.0	5.0	4.0	3.0
1405823877	70.0	102.0	88.0	68.0	83.0
1406603113	38.0	25.0	25.0	21.0	30.0
1414132123	7.0	13.0	20.0	9.0	38.0
1426983034	0.0	37.0	256.0	241.0	341.0
1440996140	2.0	0.0	1.0	0.0	2.0
1446001560	10.0	28.0	10.0	38.0	53.0
1465827625	3.0	2.0	1.0	4.0	6.0
1478282890	0.0	0.0	34.0	30.0	73.0
1496959004	45.0	54.0	72.0	67.0	42.0
1528394563	55.0	20.0	60.0	62.0	94.0
1534936623	39.0	13.0	48.0	44.0	42.0
1557392913	10.0	0.0	84.0	135.0	128.0
1573021601	47.0	78.0	138.0	109.0	133.0
1574520001	28.0	60.0	84.0	69.0	98.0
1580957991	27.0	61.0	36.0	37.0	49.0
1599441204	0.0	12.0	28.0	19.0	29.0
1603940827	11.0	33.0	25.0	33.0	85.0
1606263255	7.0	28.0	20.0	19.0	24.0
1607806944	89.0	196.0	121.0	180.0	226.0
1626506953	10.0	5.0	29.0	52.0	48.0
1629072852	22.0	87.0	69.0	50.0	17.0
1639508961	24.0	9.0	9.0	5.0	1.0
1642893707	0.0	10.0	5.0	21.0	15.0
1644288455	1.0	1.0	3.0	0.0	1.0
1646343160	18.0	32.0	25.0	41.0	34.0
1649211301	27.0	23.0	44.0	30.0	39.0
1658915013	55.0	42.0	53.0	14.0	29.0
1665349605	0.0	20.0	61.0	25.0	45.0
1678980455	10.0	10.0	18.0	4.0	19.0
1685012970	0.0	34.0	15.0	20.0	23.0
1686001015	11.0	31.0	29.0	32.0	28.0
1686823655	10.0	15.0	31.0	8.0	30.0
1688801713	0.0	0.0	14.0	32.0	23.0
1707256875	0.0	27.0	31.0	9.0	29.0
1719139713	32.0	28.0	44.0	43.0	53.0
1727330020	10.0	53.0	75.0	64.0	80.0
1732734883	7.0	10.0	0.0	22.0	24.0
1735616161	1.0	4.0	8.0	2.0	6.0
1736054365	10.0	12.0	62.0	26.0	20.0
1742121542	125.0	131.0	153.0	119.0	167.0
1744257311	0.0	0.0	0.0	40.0	733.0
1745813791	44.0	21.0	6.0	1.0	6.0
1750356705	12.0	39.0	32.0	43.0	34.0
1750762053	10.0	8.0	25.0	33.0	28.0
1758895582	10.0	8.0	16.0	32.0	63.0
1759950835	0.0	1.0	0.0	0.0	0.0
1763716750	19.0	18.0	10.0	2.0	16.0
1766362445	0.0	3.0	0.0	10.0	66.0
1767702282	3.0	7.0	12.0	9.0	30.0
1770005762	24.0	23.0	23.0	20.0	19.0
1774041753	36.0	59.0	45.0	24.0	28.0
1781457032	28.0	24.0	50.0	18.0	40.0
1783681865	61.0	53.0	54.0	33.0	37.0
1788940134	0.0	20.0	68.0	55.0	23.0
1795617563	8.0	28.0	19.0	11.0	38.0
1798050592	4.0	0.0	2.0	45.0	169.0
1802581135	32.0	50.0	24.0	55.0	61.0
1804416382	39.0	58.0	30.0	29.0	47.0
1805406782	36.0	57.0	32.0	15.0	36.0
1815145485	19.0	46.0	17.0	44.0	46.0
1820662985	7.0	15.0	14.0	12.0	23.0
1821459587	0.0	0.0	22.0	18.0	12.0
1829767020	44.0	49.0	39.0	58.0	45.0
1841021315	9.0	14.0	6.0	8.0	14.0
1856904492	3.0	2.0	0.0	2.0	0.0
1863424991	7.0	59.0	132.0	81.0	71.0
1868120090	22.0	28.0	55.0	94.0	289.0
1881036261	5.0	77.0	62.0	67.0	60.0
1895944731	0.0	0.0	247.0	273.0	299.0
1900433641	14.0	2.0	3.0	1.0	2.0
1908390487	1.0	10.0	4.0	10.0	4.0
1948641401	40.0	115.0	74.0	68.0	161.0
1988247561	17.0	52.0	28.0	35.0	20.0
1988524995	0.0	9.0	5.0	38.0	33.0
2041668063	0.0	0.0	0.0	14.0	73.0
2070047164	32.0	27.0	35.0	34.0	33.0
2091390311	0.0	0.0	38.0	317.0	342.0
2096267310	0.0	12.0	48.0	15.0	15.0
2112426042	17.0	44.0	34.0	3.0	111.0
2214029370	0.0	0.0	6.0	15.0	29.0
2255881441	22.0	34.0	28.0	7.0	4.0
2351096732	7.0	24.0	17.0	18.0	19.0
2356612802	0.0	7.0	6.0	2.0	1.0
2373931260	4.0	0.0	6.0	8.0	4.0
2425203201	0.0	8.0	6.0	4.0	7.0
2480059701	0.0	0.0	0.0	10.0	29.0
2491474340	3.0	13.0	12.0	3.0	19.0
2552721372	0.0	34.0	52.0	14.0	49.0
2663455835	31.0	27.0	30.0	31.0	34.0
2772471805	0.0	40.0	35.0	44.0	37.0
2792163900	1.0	7.0	80.0	46.0	155.0
2810445594	20.0	33.0	30.0	30.0	25.0
2866869562	3.0	7.0	30.0	2.0	20.0
2903316485	60.0	113.0	270.0	168.0	195.0
2949327571	77.0	65.0	33.0	57.0	40.0
1017146245	1.0	3.0	2.0	0.0	0.0
1093869443	0.0	0.0	95.0	39.0	47.0
1243602293	0.0	0.0	0.0	0.0	46.0
1745271495	0.0	11.0	21.0	0.0	0.0
1778166353	6.0	2.0	2.0	3.0	7.0
1792277377	0.0	0.0	0.0	3.0	80.0
1828817187	19.0	24.0	3.0	0.0	0.0
1845725094	1.0	0.0	0.0	0.0	0.0
1891935794	0.0	16.0	15.0	0.0	0.0
1901943305	0.0	1.0	1.0	0.0	0.0
1975394685	0.0	0.0	0.0	66.0	1.0
2028754811	16.0	15.0	2.0	10.0	17.0
2087942147	3.0	3.0	0.0	0.0	0.0
2173813084	1.0	0.0	0.0	0.0	0.0
2243494133	8.0	0.0	0.0	0.0	0.0
2307292004	52.0	79.0	61.0	72.0	50.0
2386868023	0.0	0.0	0.0	11.0	328.0
2419747327	1.0	2.0	5.0	1.0	0.0
2648620405	24.0	205.0	83.0	0.0	0.0
2768561720	76.0	99.0	93.0	74.0	2.0
2790630063	0.0	0.0	0.0	0.0	655.0
2828579552	48.0	99.0	158.0	54.0	76.0
3123139423	0.0	45.0	39.0	27.0	1.0
3192229484	12.0	40.0	11.0	0.0	0.0
3203426722	0.0	0.0	275.0	0.0	578.0
3621181800	3.0	0.0	0.0	0.0	0.0
5203214787	0.0	0.0	0.0	0.0	33.0
5203395492	0.0	0.0	0.0	0.0	75.0
5489650843	1.0	0.0	0.0	0.0	0.0
5545500611	5.0	5.0	3.0	43.0	23.0
5617021272	0.0	0.0	0.0	88.0	196.0
5666611316	0.0	0.0	115.0	293.0	453.0
5866128603	0.0	0.0	0.0	19.0	173.0
5890337415	0.0	23.0	121.0	275.0	312.0
5990978953	0.0	0.0	9.0	0.0	0.0
6034165476	0.0	0.0	0.0	19.0	13.0
6069858822	0.0	0.0	0.0	0.0	249.0
6085757704	0.0	0.0	0.0	0.0	104.0
6085757710	0.0	0.0	0.0	0.0	55.0
6086152985	0.0	0.0	0.0	0.0	152.0
3226109541	29.0	24.0	28.0	18.0	39.0
3628368925	20.0	57.0	71.0	99.0	263.0
3945917804	0.0	0.0	59.0	103.0	688.0
3946154755	0.0	64.0	116.0	278.0	376.0
5251237195	10.0	32.0	30.0	34.0	38.0
5385519765	22.0	4.0	8.0	4.0	139.0
5394437071	65.0	71.0	49.0	39.0	28.0
5477320351	10.0	114.0	104.0	353.0	297.0
5616936990	0.0	10.0	80.0	34.0	18.0
5628495345	34.0	138.0	178.0	110.0	233.0
5669302379	6.0	1.0	0.0	3.0	7.0
5751949769	0.0	0.0	0.0	151.0	631.0
5884263636	0.0	10.0	45.0	56.0	248.0
