user_id	tot_5	tot_4	tot_3	tot_2	tot_1	avg5	avg4	avg3	avg2	avg1
1004853823	0.0	0.0	2726.0	4393.0	10614.0	0.0	0.0	27.0	20.0	22.0
1005570772	421.0	119.0	21.0	4191.0	6187.0	25.0	10.0	2.0	14.0	16.0
1006205227	0.0	88.0	1335.0	6479.0	16312.0	0.0	3.0	13.0	35.0	33.0
1011269330	0.0	7379.0	17231.0	9361.0	15299.0	0.0	246.0	196.0	284.0	333.0
1013011303	2153.0	3242.0	4800.0	593.0	1180.0	23.0	19.0	87.0	11.0	37.0
1027145634	374.0	0.0	61.0	269.0	0.0	34.0	0.0	12.0	19.0	0.0
1054009064	15024.0	6712.0	10041.0	13728.0	31738.0	417.0	292.0	223.0	723.0	1024.0
1054096047	432.0	2694.0	4390.0	1131.0	2286.0	22.0	44.0	58.0	28.0	26.0
1066995495	18410.0	2728.0	13908.0	2005.0	11853.0	1315.0	303.0	464.0	143.0	423.0
1069384980	7073.0	4198.0	4951.0	6499.0	5516.0	337.0	150.0	291.0	135.0	117.0
1083535803	0.0	0.0	79.0	64.0	716.0	0.0	0.0	3.0	0.0	1.0
1086782701	275.0	1413.0	1661.0	424.0	2252.0	11.0	37.0	42.0	20.0	39.0
1098618600	0.0	6967.0	9125.0	11666.0	105034.0	0.0	104.0	119.0	100.0	185.0
1109018731	39.0	0.0	503.0	75.0	1145.0	10.0	0.0	14.0	9.0	22.0
1109564533	0.0	87.0	361.0	103.0	503.0	0.0	4.0	10.0	3.0	5.0
1132833700	0.0	55.0	107.0	386.0	361.0	0.0	7.0	3.0	13.0	9.0
1133946402	1122.0	1621.0	1757.0	1591.0	23258.0	19.0	24.0	23.0	21.0	189.0
1141154105	1.0	0.0	0.0	0.0	16.0	0.0	0.0	0.0	0.0	0.0
1142208455	1616.0	2920.0	1516.0	961.0	1103.0	18.0	11.0	9.0	9.0	10.0
1143605707	0.0	178.0	388.0	271.0	377.0	0.0	3.0	5.0	3.0	2.0
1149816777	0.0	0.0	0.0	11.0	29.0	0.0	0.0	0.0	1.0	1.0
1159402801	0.0	0.0	120.0	1060.0	820.0	0.0	0.0	5.0	18.0	11.0
1162860657	0.0	0.0	0.0	27.0	63.0	0.0	0.0	0.0	1.0	1.0
1168716090	1355.0	1377.0	1322.0	2203.0	2059.0	226.0	138.0	165.0	220.0	172.0
1185441660	0.0	0.0	620.0	807.0	10661.0	0.0	0.0	9.0	13.0	16.0
1191224527	0.0	66.0	95.0	122.0	645.0	0.0	5.0	10.0	12.0	24.0
1211113332	4879.0	10448.0	8863.0	3982.0	5910.0	64.0	85.0	76.0	74.0	70.0
1215131765	0.0	178.0	58.0	125.0	253.0	0.0	15.0	12.0	16.0	13.0
1216388157	2074.0	2322.0	194.0	0.0	131.0	415.0	464.0	48.0	0.0	15.0
1218042552	571.0	2355.0	0.0	0.0	2.0	5.0	9.0	0.0	0.0	0.0
1218957517	3689.0	3351.0	2996.0	6447.0	7082.0	59.0	70.0	77.0	77.0	63.0
1219310523	0.0	6.0	75.0	115.0	497.0	0.0	0.0	1.0	0.0	1.0
1227493664	159.0	273.0	87.0	174.0	125.0	3.0	5.0	4.0	5.0	2.0
1228977142	0.0	1292.0	1391.0	1425.0	1982.0	0.0	26.0	9.0	8.0	8.0
1229448154	455.0	1341.0	541.0	888.0	1030.0	25.0	33.0	24.0	47.0	26.0
1236462225	176.0	1671.0	4488.0	1941.0	2529.0	59.0	98.0	204.0	176.0	211.0
1242290512	0.0	168.0	3358.0	1602.0	2441.0	0.0	34.0	26.0	31.0	24.0
1244062551	0.0	0.0	0.0	0.0	664.0	0.0	0.0	0.0	0.0	10.0
1245360814	0.0	0.0	415.0	0.0	0.0	0.0	0.0	2.0	0.0	0.0
1246557331	478.0	897.0	389.0	397.0	1595.0	18.0	29.0	20.0	19.0	46.0
1246792191	7201.0	13371.0	5093.0	7630.0	3445.0	257.0	297.0	159.0	170.0	96.0
1250041105	168.0	270.0	367.0	335.0	376.0	10.0	9.0	18.0	22.0	19.0
1252397723	8017.0	2420.0	9033.0	14668.0	6552.0	534.0	346.0	903.0	1048.0	1310.0
1254926960	2316.0	2900.0	5706.0	3618.0	2500.0	16.0	27.0	29.0	20.0	17.0
1256947091	0.0	0.0	0.0	80.0	774.0	0.0	0.0	0.0	0.0	2.0
1268642527	318.0	97.0	67.0	714.0	0.0	32.0	5.0	3.0	3.0	0.0
1271958597	45.0	78.0	960.0	2449.0	2381.0	5.0	8.0	10.0	13.0	8.0
1276094724	0.0	122.0	301.0	645.0	277.0	0.0	3.0	4.0	5.0	6.0
1280981624	9413.0	10009.0	0.0	0.0	1442.0	219.0	204.0	0.0	0.0	96.0
1283022704	0.0	382.0	2545.0	26416.0	107496.0	0.0	13.0	29.0	151.0	254.0
1283658605	556.0	226.0	207.0	150.0	378.0	5.0	4.0	3.0	3.0	4.0
1285478591	247.0	141.0	559.0	921.0	2096.0	25.0	14.0	12.0	12.0	19.0
1286189071	0.0	228.0	18537.0	11582.0	17049.0	0.0	23.0	68.0	57.0	56.0
1286659964	0.0	109.0	2246.0	7563.0	3160.0	0.0	8.0	11.0	29.0	13.0
1286891293	0.0	0.0	63.0	1475.0	0.0	0.0	0.0	1.0	5.0	0.0
1288056483	0.0	0.0	0.0	0.0	112.0	0.0	0.0	0.0	0.0	1.0
1290700430	228.0	93.0	307.0	249.0	490.0	10.0	7.0	8.0	9.0	13.0
1291021104	2520.0	8658.0	10843.0	18703.0	11781.0	133.0	137.0	134.0	374.0	245.0
1299532580	2201.0	3089.0	2994.0	1252.0	2855.0	47.0	79.0	41.0	32.0	40.0
1301043494	0.0	0.0	0.0	0.0	9.0	0.0	0.0	0.0	0.0	3.0
1301890202	633.0	888.0	1401.0	2124.0	7187.0	32.0	44.0	58.0	51.0	68.0
1305807567	4078.0	1879.0	1674.0	958.0	1810.0	50.0	63.0	42.0	40.0	39.0
1306484861	1956.0	10913.0	8246.0	14365.0	18654.0	50.0	89.0	69.0	90.0	79.0
1326398921	0.0	109.0	50.0	31.0	86.0	0.0	16.0	7.0	3.0	7.0
1339315757	1820.0	1725.0	3735.0	7391.0	3824.0	79.0	34.0	72.0	157.0	35.0
1344280113	26.0	140.0	197.0	163.0	472.0	3.0	2.0	1.0	1.0	2.0
1349541437	0.0	96.0	603.0	816.0	6547.0	0.0	4.0	11.0	10.0	10.0
1353509550	7.0	0.0	0.0	768.0	2057.0	1.0	0.0	0.0	9.0	9.0
1391916660	796.0	2574.0	977.0	2093.0	5895.0	27.0	30.0	16.0	19.0	34.0
1396626753	0.0	73.0	668.0	187.0	273.0	0.0	8.0	8.0	4.0	5.0
1400434093	0.0	0.0	0.0	4.0	420.0	0.0	0.0	0.0	1.0	1.0
1400776392	1878.0	2910.0	3675.0	2763.0	6265.0	78.0	42.0	68.0	35.0	32.0
1400831884	0.0	819.0	1016.0	1819.0	3063.0	0.0	26.0	33.0	48.0	32.0
1404214752	3340.0	3917.0	4436.0	1855.0	14671.0	111.0	56.0	43.0	52.0	85.0
1404428062	0.0	0.0	149.0	68.0	9721.0	0.0	0.0	3.0	2.0	13.0
1405236892	644.0	697.0	612.0	730.0	1231.0	4.0	4.0	4.0	4.0	6.0
1407940677	0.0	530.0	1403.0	942.0	1237.0	0.0	5.0	16.0	16.0	18.0
1411163204	0.0	99.0	255.0	1088.0	3382.0	0.0	5.0	6.0	5.0	8.0
1412779214	735.0	2584.0	4194.0	2891.0	3941.0	9.0	15.0	26.0	28.0	21.0
1412922410	1598.0	1110.0	659.0	425.0	683.0	80.0	46.0	94.0	47.0	28.0
1417037145	1072.0	711.0	1435.0	2317.0	5877.0	43.0	40.0	39.0	37.0	107.0
1418058457	0.0	0.0	0.0	0.0	801.0	0.0	0.0	0.0	0.0	1.0
1419364883	0.0	361.0	3642.0	2671.0	928.0	0.0	7.0	18.0	10.0	4.0
1420174783	14538.0	35763.0	33598.0	27860.0	20218.0	227.0	175.0	202.0	221.0	137.0
1421067881	181.0	0.0	286.0	931.0	1238.0	20.0	0.0	29.0	20.0	12.0
1442720613	375.0	3785.0	3184.0	1763.0	3174.0	17.0	24.0	19.0	12.0	18.0
1452415622	0.0	0.0	44.0	42.0	42.0	0.0	0.0	1.0	3.0	1.0
1454064140	1698.0	2819.0	2754.0	3682.0	8032.0	170.0	282.0	197.0	194.0	183.0
1455039933	0.0	0.0	15.0	68.0	97.0	0.0	0.0	5.0	2.0	2.0
1472934365	0.0	60.0	91.0	0.0	118.0	0.0	2.0	1.0	0.0	2.0
1492602474	325.0	0.0	237.0	61.0	77.0	10.0	0.0	8.0	12.0	4.0
1496825941	0.0	6865.0	9870.0	2308.0	2567.0	0.0	43.0	41.0	22.0	27.0
1496863785	0.0	0.0	426.0	1225.0	2648.0	0.0	0.0	6.0	11.0	4.0
1496878501	998.0	2077.0	3194.0	2499.0	4084.0	26.0	43.0	46.0	76.0	26.0
1496913734	0.0	0.0	2407.0	9749.0	24242.0	0.0	0.0	29.0	43.0	51.0
1496975384	0.0	409.0	101.0	59.0	111.0	0.0	6.0	1.0	0.0	1.0
1498124904	0.0	9.0	49.0	0.0	84.0	0.0	0.0	1.0	0.0	0.0
1506088515	72.0	2310.0	6418.0	5798.0	5039.0	72.0	92.0	428.0	223.0	240.0
1506701434	0.0	0.0	0.0	0.0	476.0	0.0	0.0	0.0	0.0	1.0
1528274033	5763.0	4800.0	3020.0	2093.0	12897.0	79.0	104.0	86.0	110.0	198.0
1534939700	0.0	176.0	2365.0	1608.0	2970.0	0.0	4.0	10.0	8.0	13.0
1541940220	0.0	1614.0	1430.0	204.0	578.0	0.0	16.0	12.0	15.0	13.0
1547596314	512.0	1400.0	1001.0	936.0	1211.0	47.0	30.0	28.0	29.0	38.0
1557303822	646.0	2650.0	273.0	1462.0	827.0	15.0	49.0	5.0	33.0	14.0
1558148043	0.0	0.0	0.0	0.0	36838.0	0.0	0.0	0.0	0.0	33.0
1559236912	0.0	1934.0	1795.0	529.0	407.0	0.0	149.0	120.0	529.0	407.0
1560021134	1628.0	5303.0	10278.0	8112.0	14055.0	28.0	32.0	70.0	68.0	136.0
1563926367	5030.0	0.0	42037.0	8506.0	4782.0	1677.0	0.0	8407.0	2835.0	2391.0
1568746614	40.0	9.0	19.0	2.0	64.0	7.0	3.0	10.0	2.0	6.0
1575326970	481.0	3274.0	1614.0	2183.0	4234.0	12.0	16.0	11.0	21.0	33.0
1576284783	5031.0	11970.0	8420.0	11289.0	6854.0	19.0	110.0	150.0	93.0	95.0
1587060020	0.0	21.0	260.0	73.0	8.0	0.0	4.0	5.0	5.0	2.0
1589698103	269.0	5678.0	5225.0	2565.0	15348.0	6.0	32.0	37.0	21.0	69.0
1590956147	13234.0	21578.0	55332.0	99360.0	39745.0	158.0	242.0	709.0	903.0	368.0
1594646223	36.0	22.0	193.0	59.0	89.0	2.0	1.0	3.0	1.0	1.0
1596630867	0.0	0.0	0.0	0.0	0.0	0.0	0.0	0.0	0.0	0.0
1606370777	28.0	213.0	136.0	138.0	73.0	1.0	2.0	1.0	2.0	1.0
1607812347	1511.0	6152.0	2647.0	1732.0	2095.0	25.0	38.0	19.0	16.0	18.0
1610025682	0.0	0.0	41.0	1067.0	2851.0	0.0	0.0	3.0	16.0	32.0
1613005690	0.0	0.0	0.0	0.0	2674.0	0.0	0.0	0.0	0.0	12.0
1614747181	8.0	1211.0	5322.0	7536.0	1454.0	2.0	45.0	106.0	122.0	29.0
1616772137	0.0	379.0	723.0	1545.0	1467.0	0.0	5.0	5.0	9.0	5.0
1619699251	67.0	129.0	141.0	4.0	186.0	2.0	2.0	8.0	0.0	9.0
1619766521	2341.0	794.0	1547.0	369.0	971.0	180.0	66.0	64.0	31.0	33.0
1621567465	2294.0	1894.0	2841.0	5130.0	4534.0	19.0	16.0	30.0	38.0	25.0
1621894121	1002.0	2106.0	669.0	1035.0	0.0	22.0	30.0	10.0	18.0	0.0
1622687475	20.0	811.0	530.0	261.0	1418.0	2.0	7.0	4.0	2.0	7.0
1622754134	1234.0	1976.0	835.0	2667.0	4529.0	65.0	55.0	56.0	140.0	82.0
1626002531	1575.0	3980.0	4316.0	2273.0	3098.0	28.0	26.0	46.0	45.0	26.0
1626297211	7462.0	17109.0	20953.0	18207.0	28604.0	213.0	306.0	403.0	455.0	381.0
1634375627	112.0	80.0	2268.0	875.0	1161.0	7.0	2.0	48.0	24.0	32.0
1635279123	0.0	0.0	0.0	0.0	0.0	0.0	0.0	0.0	0.0	0.0
1639132981	417.0	176.0	98.0	590.0	632.0	18.0	10.0	10.0	118.0	10.0
1640766861	6277.0	20453.0	40867.0	43053.0	83544.0	116.0	280.0	314.0	414.0	633.0
1642413147	10.0	179.0	1347.0	994.0	4796.0	2.0	5.0	8.0	5.0	16.0
1642624462	10.0	349.0	1198.0	435.0	70.0	1.0	3.0	9.0	3.0	1.0
1644587232	0.0	82.0	691.0	269.0	1860.0	0.0	2.0	4.0	1.0	5.0
1647161640	980.0	2077.0	792.0	174.0	580.0	52.0	59.0	47.0	29.0	29.0
1647263235	26.0	36.0	748.0	1010.0	1004.0	1.0	1.0	5.0	3.0	5.0
1647415197	739.0	2249.0	3450.0	2349.0	3939.0	31.0	35.0	55.0	41.0	47.0
1649155730	0.0	26.0	1223.0	1199.0	12220.0	0.0	3.0	13.0	13.0	20.0
1652194081	408.0	10748.0	621.0	0.0	560.0	8.0	47.0	8.0	0.0	3.0
1652707015	20296.0	11516.0	20060.0	38028.0	7410.0	165.0	135.0	182.0	282.0	99.0
1653957693	0.0	0.0	3408.0	12260.0	33489.0	0.0	0.0	28.0	47.0	79.0
1655370347	11414.0	6877.0	976.0	986.0	504.0	105.0	94.0	61.0	37.0	21.0
1655488792	0.0	0.0	0.0	0.0	0.0	0.0	0.0	0.0	0.0	0.0
1655507255	0.0	0.0	0.0	90.0	845.0	0.0	0.0	0.0	2.0	6.0
1655524143	0.0	0.0	8911.0	1380.0	11490.0	0.0	0.0	97.0	9.0	19.0
1655665171	2492.0	655.0	2065.0	1400.0	3687.0	192.0	82.0	229.0	467.0	284.0
1657421782	0.0	0.0	0.0	0.0	9322.0	0.0	0.0	0.0	0.0	37.0
1657764041	93.0	1518.0	1056.0	2266.0	2062.0	9.0	22.0	13.0	18.0	13.0
1658537731	0.0	936.0	1299.0	1472.0	1728.0	0.0	8.0	10.0	7.0	7.0
1658895001	9824.0	36991.0	18103.0	10193.0	9619.0	149.0	138.0	74.0	70.0	81.0
1658988854	196.0	738.0	933.0	714.0	1535.0	7.0	4.0	4.0	2.0	5.0
1660815495	0.0	0.0	3284.0	5717.0	16760.0	0.0	0.0	23.0	21.0	57.0
1660956507	0.0	0.0	1933.0	2384.0	3169.0	0.0	0.0	8.0	12.0	11.0
1662475182	0.0	42.0	27.0	118.0	25.0	0.0	2.0	1.0	4.0	0.0
1667918954	0.0	0.0	105.0	0.0	0.0	0.0	0.0	1.0	0.0	0.0
1668368147	110.0	163.0	621.0	322.0	360.0	3.0	3.0	8.0	6.0	3.0
1669024582	0.0	48.0	15.0	6.0	17.0	0.0	7.0	1.0	2.0	8.0
1670645393	0.0	875.0	0.0	194.0	555.0	0.0	5.0	0.0	1.0	3.0
1671194705	102.0	117.0	25608.0	4598.0	14526.0	26.0	17.0	674.0	354.0	338.0
1671890613	162.0	941.0	1374.0	2910.0	6730.0	9.0	10.0	33.0	14.0	15.0
1672418622	3701.0	18508.0	24794.0	20876.0	25211.0	128.0	114.0	141.0	129.0	121.0
1674427277	2519.0	1268.0	2092.0	2105.0	4026.0	32.0	17.0	23.0	34.0	24.0
1676341525	34166.0	43743.0	16790.0	13789.0	12233.0	138.0	218.0	240.0	181.0	120.0
1677574270	1263.0	1238.0	3248.0	1525.0	2069.0	11.0	12.0	20.0	6.0	11.0
1678613514	2645.0	7725.0	25008.0	36727.0	28800.0	176.0	336.0	568.0	680.0	823.0
1679113281	77.0	2393.0	111.0	0.0	191.0	1.0	16.0	1.0	0.0	2.0
1680599832	0.0	0.0	1730.0	6648.0	8822.0	0.0	0.0	15.0	27.0	20.0
1682454721	586.0	2807.0	2078.0	1936.0	3995.0	20.0	134.0	53.0	149.0	80.0
1683010871	0.0	0.0	0.0	0.0	11454.0	0.0	0.0	0.0	0.0	14.0
1683969397	0.0	0.0	0.0	0.0	0.0	0.0	0.0	0.0	0.0	0.0
1684388950	5571.0	0.0	5032.0	0.0	0.0	223.0	0.0	296.0	0.0	0.0
1684836114	0.0	0.0	0.0	0.0	203.0	0.0	0.0	0.0	0.0	0.0
1685188223	814.0	6539.0	18267.0	11962.0	12301.0	90.0	107.0	223.0	155.0	131.0
1686815607	0.0	0.0	277.0	106.0	12965.0	0.0	0.0	15.0	11.0	15.0
1687442081	1864.0	2466.0	1871.0	2721.0	3820.0	19.0	16.0	18.0	57.0	31.0
1687486981	0.0	151.0	174.0	600.0	1430.0	0.0	2.0	1.0	6.0	6.0
1687505121	499.0	1122.0	1151.0	915.0	653.0	6.0	12.0	16.0	14.0	12.0
1688537010	0.0	0.0	91.0	3.0	0.0	0.0	0.0	3.0	2.0	0.0
1691380954	232.0	379.0	668.0	1391.0	992.0	3.0	2.0	2.0	5.0	4.0
1694870611	0.0	0.0	0.0	1.0	0.0	0.0	0.0	0.0	1.0	0.0
1695958733	0.0	0.0	142.0	23.0	0.0	0.0	0.0	1.0	0.0	0.0
1698255955	50.0	0.0	84.0	48.0	126.0	5.0	0.0	4.0	6.0	5.0
1700651435	0.0	0.0	0.0	64.0	58.0	0.0	0.0	0.0	1.0	1.0
1703827633	0.0	0.0	0.0	0.0	8.0	0.0	0.0	0.0	0.0	4.0
1703924001	0.0	71.0	836.0	2293.0	56.0	0.0	1.0	5.0	20.0	2.0
1707427294	192.0	1634.0	640.0	258.0	524.0	4.0	4.0	4.0	5.0	9.0
1711646255	0.0	3.0	0.0	0.0	60.0	0.0	0.0	0.0	0.0	0.0
1713066300	1868.0	8787.0	3423.0	272.0	326.0	23.0	22.0	22.0	9.0	13.0
1714810430	0.0	0.0	410.0	20.0	13173.0	0.0	0.0	13.0	10.0	16.0
1717421891	3159.0	4757.0	9141.0	17277.0	15649.0	64.0	33.0	120.0	160.0	127.0
1717871843	2106.0	6016.0	1421.0	2784.0	7044.0	15.0	28.0	11.0	25.0	38.0
1718328651	8.0	694.0	547.0	772.0	792.0	1.0	27.0	24.0	45.0	23.0
1718836754	0.0	0.0	4.0	0.0	0.0	0.0	0.0	0.0	0.0	0.0
1720133422	2937.0	27649.0	11064.0	48714.0	116917.0	587.0	1202.0	1383.0	2706.0	3439.0
1721449743	0.0	0.0	2761.0	4088.0	13034.0	0.0	0.0	17.0	19.0	39.0
1721825977	0.0	0.0	0.0	0.0	0.0	0.0	0.0	0.0	0.0	0.0
1723559567	0.0	0.0	28.0	0.0	6913.0	0.0	0.0	3.0	0.0	8.0
1725116507	0.0	4.0	10.0	6.0	0.0	0.0	1.0	1.0	3.0	0.0
1726998993	0.0	0.0	0.0	0.0	1830.0	0.0	0.0	0.0	0.0	7.0
1727006174	6730.0	7684.0	5583.0	923.0	4123.0	100.0	274.0	294.0	44.0	63.0
1728085193	2585.0	0.0	4399.0	1921.0	8185.0	172.0	0.0	244.0	120.0	190.0
1729012204	0.0	0.0	575.0	2567.0	5371.0	0.0	0.0	6.0	16.0	28.0
1729908110	16.0	2042.0	4532.0	6920.0	5110.0	8.0	17.0	22.0	38.0	22.0
1730714982	0.0	0.0	579.0	3171.0	17153.0	0.0	0.0	13.0	19.0	32.0
1732756857	97.0	4.0	460.0	749.0	1429.0	5.0	4.0	12.0	18.0	37.0
1733443650	0.0	490.0	1031.0	5623.0	10891.0	0.0	16.0	21.0	30.0	22.0
1733672487	1763.0	1939.0	3539.0	4029.0	2269.0	41.0	69.0	86.0	47.0	38.0
1733770795	0.0	352.0	1069.0	1682.0	766.0	0.0	7.0	4.0	6.0	4.0
1737847545	322.0	1747.0	1592.0	1763.0	2180.0	7.0	10.0	9.0	11.0	9.0
1738041392	0.0	12567.0	10558.0	5258.0	11234.0	0.0	66.0	93.0	36.0	46.0
1738283175	0.0	0.0	0.0	82.0	0.0	0.0	0.0	0.0	1.0	0.0
1738605643	0.0	0.0	0.0	0.0	7.0	0.0	0.0	0.0	0.0	1.0
1739037923	134.0	211.0	1876.0	801.0	2759.0	13.0	21.0	25.0	33.0	38.0
1739049744	6409.0	9139.0	3287.0	5185.0	8286.0	178.0	169.0	131.0	110.0	153.0
1742693175	2757.0	10794.0	22850.0	17818.0	26620.0	55.0	77.0	161.0	223.0	240.0
1742703365	2039.0	1355.0	2641.0	3495.0	4815.0	32.0	33.0	47.0	65.0	55.0
1742942263	0.0	1736.0	2104.0	1466.0	4855.0	0.0	20.0	26.0	18.0	34.0
1743140002	0.0	0.0	39.0	67.0	181.0	0.0	0.0	4.0	4.0	10.0
1743527427	466.0	2708.0	1432.0	3169.0	3632.0	52.0	82.0	143.0	99.0	121.0
1743734335	0.0	2.0	0.0	3.0	2.0	0.0	0.0	0.0	0.0	0.0
1744093477	0.0	0.0	382.0	1232.0	1987.0	0.0	0.0	4.0	6.0	4.0
1745573472	2863.0	3562.0	5447.0	6976.0	8712.0	110.0	96.0	73.0	89.0	98.0
1745746033	1456.0	14352.0	30628.0	18163.0	38075.0	58.0	221.0	681.0	550.0	568.0
1747790171	6552.0	7082.0	59019.0	20375.0	35031.0	96.0	80.0	231.0	133.0	188.0
1748631042	0.0	0.0	71.0	0.0	0.0	0.0	0.0	2.0	0.0	0.0
1748852693	14752.0	12182.0	13230.0	6284.0	18964.0	1054.0	321.0	378.0	140.0	231.0
1749205637	19.0	607.0	574.0	678.0	622.0	2.0	6.0	3.0	4.0	2.0
1749254813	1114.0	2983.0	6362.0	1733.0	2037.0	371.0	497.0	277.0	289.0	204.0
1750016637	359.0	1631.0	6199.0	3863.0	1653.0	5.0	9.0	34.0	34.0	11.0
1750270991	8660.0	21863.0	34387.0	40344.0	90049.0	163.0	185.0	207.0	219.0	306.0
1750529573	0.0	961.0	1803.0	1268.0	1399.0	0.0	7.0	15.0	6.0	4.0
1750796960	0.0	0.0	0.0	0.0	55398.0	0.0	0.0	0.0	0.0	66.0
1751854682	0.0	0.0	0.0	0.0	0.0	0.0	0.0	0.0	0.0	0.0
1752162633	0.0	0.0	145.0	205.0	3850.0	0.0	0.0	3.0	4.0	6.0
1752202132	680.0	11443.0	10174.0	14039.0	12976.0	136.0	63.0	63.0	153.0	95.0
1756667731	257.0	3901.0	13804.0	11683.0	19732.0	26.0	42.0	78.0	50.0	83.0
1756807885	0.0	0.0	0.0	0.0	36544.0	0.0	0.0	0.0	0.0	46.0
1758476561	0.0	111.0	266.0	0.0	0.0	0.0	2.0	2.0	0.0	0.0
1758486721	931.0	664.0	419.0	1548.0	340.0	8.0	15.0	9.0	10.0	4.0
1760672962	0.0	0.0	217.0	104.0	356.0	0.0	0.0	14.0	3.0	5.0
1761326072	177.0	95.0	490.0	5517.0	3322.0	10.0	14.0	12.0	94.0	81.0
1762211555	0.0	467.0	0.0	4739.0	70.0	0.0	31.0	0.0	215.0	3.0
1762696131	0.0	162.0	506.0	1396.0	860.0	0.0	2.0	3.0	7.0	4.0
1763493560	0.0	0.0	19.0	0.0	1896.0	0.0	0.0	2.0	0.0	2.0
1764226841	0.0	0.0	404.0	1063.0	26.0	0.0	0.0	12.0	10.0	13.0
1764591442	0.0	304.0	1636.0	2046.0	2015.0	0.0	10.0	12.0	18.0	14.0
1764822552	595.0	1569.0	1301.0	4166.0	7467.0	50.0	37.0	59.0	116.0	91.0
1767899742	0.0	0.0	0.0	0.0	295.0	0.0	0.0	0.0	0.0	1.0
1768227670	2066.0	2667.0	24248.0	10432.0	55541.0	103.0	267.0	808.0	129.0	452.0
1770818961	0.0	0.0	0.0	33.0	3531.0	0.0	0.0	0.0	1.0	8.0
1771295435	2188.0	2501.0	7025.0	6003.0	8784.0	37.0	93.0	112.0	115.0	195.0
1771841343	8121.0	18813.0	14019.0	17009.0	10521.0	219.0	448.0	637.0	895.0	956.0
1772440677	234.0	973.0	1227.0	1516.0	4699.0	14.0	10.0	9.0	9.0	16.0
1773129131	587.0	386.0	27.0	157.0	213.0	22.0	23.0	14.0	17.0	13.0
1773967712	0.0	3.0	660.0	1414.0	2755.0	0.0	3.0	6.0	6.0	6.0
1774139105	125.0	236.0	752.0	179.0	600.0	4.0	2.0	5.0	2.0	4.0
1774168531	0.0	0.0	1971.0	238.0	7082.0	0.0	0.0	14.0	6.0	10.0
1774501890	0.0	30.0	620.0	0.0	1932.0	0.0	1.0	6.0	0.0	5.0
1774676624	0.0	0.0	9577.0	9778.0	24612.0	0.0	0.0	70.0	66.0	58.0
1774698101	247.0	620.0	733.0	1416.0	1058.0	6.0	5.0	4.0	7.0	6.0
1774860981	0.0	142.0	854.0	2470.0	5738.0	0.0	7.0	7.0	11.0	14.0
1775019491	0.0	0.0	43.0	398.0	3530.0	0.0	0.0	0.0	2.0	7.0
1775979645	0.0	0.0	0.0	157.0	16919.0	0.0	0.0	0.0	11.0	19.0
1776099801	125.0	17.0	135.0	458.0	200.0	4.0	1.0	3.0	4.0	2.0
1776173037	833.0	787.0	0.0	0.0	1128.0	93.0	131.0	0.0	0.0	113.0
1776266241	0.0	0.0	0.0	0.0	5968.0	0.0	0.0	0.0	0.0	9.0
1776707927	0.0	0.0	0.0	0.0	0.0	0.0	0.0	0.0	0.0	0.0
1776788973	0.0	0.0	1900.0	7985.0	10688.0	0.0	0.0	37.0	29.0	24.0
1778181861	0.0	0.0	470.0	23773.0	69409.0	0.0	0.0	67.0	170.0	109.0
1781188483	0.0	0.0	0.0	0.0	4359.0	0.0	0.0	0.0	0.0	5.0
1783982957	801.0	1388.0	1140.0	792.0	2373.0	12.0	13.0	17.0	7.0	17.0
1784871365	0.0	0.0	0.0	0.0	3342.0	0.0	0.0	0.0	0.0	4.0
1787086511	0.0	0.0	0.0	3.0	276.0	0.0	0.0	0.0	1.0	7.0
1789501184	0.0	0.0	0.0	0.0	311.0	0.0	0.0	0.0	0.0	0.0
1794572275	44.0	0.0	0.0	11.0	2033.0	1.0	0.0	0.0	2.0	102.0
1795509335	1855.0	3192.0	9121.0	16288.0	10453.0	143.0	152.0	160.0	313.0	174.0
1796118884	0.0	0.0	118.0	1092.0	10314.0	0.0	0.0	3.0	9.0	15.0
1796790562	0.0	0.0	288.0	2488.0	8022.0	0.0	0.0	8.0	9.0	15.0
1798716414	59.0	1785.0	6708.0	2585.0	8412.0	6.0	31.0	34.0	17.0	38.0
1800611161	0.0	0.0	130.0	0.0	3684.0	0.0	0.0	4.0	0.0	4.0
1801424604	4.0	0.0	0.0	0.0	0.0	0.0	0.0	0.0	0.0	0.0
1801831432	103.0	50.0	12.0	9.0	14.0	7.0	1.0	1.0	1.0	4.0
1801999762	2110.0	13109.0	28324.0	16193.0	15868.0	27.0	66.0	267.0	200.0	169.0
1802079307	86.0	0.0	0.0	829.0	653.0	9.0	0.0	0.0	7.0	18.0
1802764891	791.0	650.0	485.0	23.0	5.0	53.0	46.0	23.0	23.0	2.0
1807134561	0.0	125.0	361.0	523.0	2834.0	0.0	12.0	7.0	3.0	6.0
1807419844	5215.0	6704.0	0.0	6.0	12.0	435.0	160.0	0.0	0.0	1.0
1809715501	0.0	0.0	0.0	0.0	0.0	0.0	0.0	0.0	0.0	0.0
1810632930	9277.0	33711.0	22853.0	23287.0	13611.0	281.0	261.0	266.0	306.0	158.0
1813378072	4116.0	18623.0	14058.0	9993.0	19422.0	70.0	95.0	88.0	69.0	119.0
1813634662	13.0	0.0	0.0	0.0	693.0	0.0	0.0	0.0	0.0	10.0
1815338681	0.0	105.0	5870.0	1235.0	8073.0	0.0	2.0	99.0	95.0	207.0
1820731083	0.0	0.0	1631.0	1480.0	4427.0	0.0	0.0	38.0	27.0	25.0
1822430437	3795.0	4492.0	4723.0	4607.0	4286.0	70.0	45.0	56.0	45.0	43.0
1823344731	1013.0	837.0	4337.0	3741.0	3759.0	17.0	19.0	19.0	19.0	17.0
1824112953	0.0	0.0	55.0	377.0	316.0	0.0	0.0	8.0	7.0	6.0
1826043543	451.0	447.0	26.0	100.0	355.0	30.0	21.0	2.0	3.0	5.0
1826643727	0.0	0.0	0.0	571.0	12578.0	0.0	0.0	0.0	571.0	1398.0
1827165291	0.0	73.0	340.0	140.0	580.0	0.0	1.0	2.0	1.0	3.0
1829280943	0.0	0.0	2742.0	5774.0	15416.0	0.0	0.0	76.0	64.0	60.0
1829604760	0.0	0.0	0.0	0.0	0.0	0.0	0.0	0.0	0.0	0.0
1829870212	3572.0	1976.0	5732.0	952.0	2243.0	73.0	82.0	119.0	95.0	56.0
1830138345	2193.0	2589.0	2855.0	582.0	1068.0	69.0	50.0	55.0	34.0	28.0
1832549174	0.0	14.0	0.0	0.0	0.0	0.0	0.0	0.0	0.0	0.0
1834767380	0.0	0.0	287.0	119.0	0.0	0.0	0.0	7.0	6.0	0.0
1835574314	1.0	8.0	0.0	0.0	0.0	0.0	2.0	0.0	0.0	0.0
1836430855	72.0	1024.0	1662.0	0.0	26353.0	1.0	17.0	57.0	0.0	314.0
1839665285	0.0	0.0	224.0	85.0	0.0	0.0	0.0	3.0	1.0	0.0
1840735635	0.0	0.0	13084.0	11197.0	32536.0	0.0	0.0	84.0	44.0	119.0
1843070674	5658.0	21089.0	10283.0	10786.0	19810.0	61.0	98.0	74.0	98.0	118.0
1843526412	2351.0	4738.0	24754.0	36195.0	39006.0	81.0	116.0	201.0	278.0	379.0
1844459971	820.0	524.0	2173.0	712.0	1923.0	33.0	22.0	18.0	7.0	22.0
1845315180	753.0	17985.0	25250.0	54189.0	18245.0	84.0	383.0	341.0	602.0	200.0
1846302384	218.0	2120.0	1305.0	10702.0	5104.0	54.0	41.0	57.0	160.0	82.0
1847798401	0.0	1543.0	11469.0	41355.0	63738.0	0.0	154.0	130.0	158.0	234.0
1848322945	94.0	0.0	353.0	312.0	748.0	9.0	0.0	25.0	52.0	748.0
1850540183	632.0	5252.0	14491.0	10246.0	22487.0	63.0	51.0	68.0	67.0	100.0
1850679395	0.0	172.0	1349.0	1613.0	3649.0	0.0	2.0	10.0	6.0	10.0
1851524785	0.0	835.0	10015.0	11884.0	64658.0	0.0	84.0	108.0	83.0	128.0
1852352553	0.0	328.0	1902.0	598.0	542.0	0.0	4.0	8.0	3.0	2.0
1852398985	0.0	0.0	62.0	0.0	88.0	0.0	0.0	1.0	0.0	1.0
1854627907	0.0	0.0	1432.0	1456.0	1919.0	0.0	0.0	716.0	364.0	480.0
1855335174	238.0	95.0	708.0	622.0	137.0	10.0	5.0	24.0	30.0	10.0
1857150145	0.0	103.0	1774.0	1919.0	6289.0	0.0	5.0	16.0	6.0	20.0
1857414070	0.0	0.0	154.0	710.0	11384.0	0.0	0.0	15.0	19.0	37.0
1857570982	1101.0	1362.0	4624.0	2230.0	4336.0	50.0	43.0	92.0	62.0	40.0
1862364383	155380.0	0.0	143223.0	27997.0	73052.0	11952.0	0.0	9548.0	6999.0	7305.0
1862466962	0.0	0.0	0.0	584.0	6836.0	0.0	0.0	0.0	4.0	14.0
1862929910	136.0	1233.0	414.0	1156.0	631.0	14.0	24.0	15.0	14.0	11.0
1863089382	0.0	0.0	0.0	0.0	16356.0	0.0	0.0	0.0	0.0	19.0
1866149335	15.0	408.0	1015.0	969.0	702.0	8.0	15.0	20.0	20.0	13.0
1866402485	0.0	0.0	0.0	0.0	2219.0	0.0	0.0	0.0	0.0	1110.0
1868478315	0.0	24678.0	3459.0	30649.0	54405.0	0.0	2742.0	3459.0	1459.0	2092.0
1870366211	0.0	0.0	0.0	0.0	6.0	0.0	0.0	0.0	0.0	0.0
1870405371	0.0	0.0	0.0	0.0	0.0	0.0	0.0	0.0	0.0	0.0
1871956515	38.0	226.0	674.0	658.0	2444.0	4.0	3.0	6.0	4.0	10.0
1880566337	0.0	462.0	0.0	2651.0	0.0	0.0	9.0	0.0	8.0	0.0
1881135547	0.0	827.0	3746.0	9032.0	7108.0	0.0	31.0	36.0	29.0	25.0
1883564374	0.0	8603.0	27934.0	15625.0	19710.0	0.0	72.0	99.0	80.0	75.0
1885056061	0.0	0.0	4119.0	3449.0	5972.0	0.0	0.0	34.0	13.0	18.0
1885179197	14.0	0.0	1781.0	692.0	127.0	14.0	0.0	64.0	38.0	25.0
1885460020	0.0	0.0	58.0	356.0	7331.0	0.0	0.0	2.0	6.0	13.0
1885486011	0.0	0.0	0.0	0.0	8267.0	0.0	0.0	0.0	0.0	45.0
1886036432	0.0	0.0	0.0	6.0	0.0	0.0	0.0	0.0	0.0	0.0
1887262740	0.0	0.0	67.0	411.0	2556.0	0.0	0.0	1.0	1.0	6.0
1889158243	0.0	0.0	42249.0	51615.0	37500.0	0.0	0.0	230.0	290.0	149.0
1889377232	0.0	0.0	2275.0	20.0	5370.0	0.0	0.0	18.0	2.0	7.0
1889728690	0.0	41.0	1860.0	3794.0	6912.0	0.0	4.0	9.0	22.0	12.0
1890157630	0.0	0.0	378.0	0.0	33256.0	0.0	0.0	15.0	0.0	39.0
1890551363	0.0	77.0	0.0	892.0	720.0	0.0	4.0	0.0	4.0	2.0
1893410897	0.0	0.0	22.0	55.0	839.0	0.0	0.0	4.0	8.0	15.0
1893826915	84.0	984.0	182.0	919.0	290.0	3.0	11.0	4.0	14.0	3.0
1894059162	7883.0	5294.0	0.0	10769.0	11303.0	183.0	106.0	0.0	283.0	665.0
1894287893	137.0	1221.0	584.0	939.0	1184.0	4.0	8.0	7.0	6.0	8.0
1896185234	0.0	204.0	99.0	0.0	0.0	0.0	1.0	1.0	0.0	0.0
1896481783	0.0	1271.0	57722.0	62484.0	87396.0	0.0	127.0	302.0	230.0	293.0
1899782201	342.0	561.0	119.0	861.0	411.0	3.0	5.0	1.0	22.0	5.0
1904542220	0.0	12.0	1905.0	306.0	5576.0	0.0	1.0	34.0	1.0	12.0
1906114713	135.0	419.0	2254.0	427.0	518.0	10.0	26.0	107.0	18.0	18.0
1906604475	1876.0	4831.0	3532.0	2093.0	1795.0	10.0	41.0	27.0	32.0	22.0
1907244354	143.0	574.0	28.0	39.0	0.0	1.0	2.0	1.0	2.0	0.0
1907252570	236.0	1917.0	0.0	12.0	5.0	2.0	4.0	0.0	1.0	2.0
1907542963	26628.0	90672.0	67895.0	56586.0	111284.0	649.0	2109.0	1331.0	928.0	1524.0
1910672761	14494.0	1466.0	11244.0	13822.0	15971.0	630.0	733.0	1022.0	1257.0	1331.0
1912713353	27345.0	46835.0	62506.0	65756.0	68644.0	127.0	375.0	398.0	854.0	592.0
1913663321	9385.0	7940.0	1192.0	4211.0	3907.0	1173.0	722.0	596.0	2106.0	488.0
1914170245	8092.0	4131.0	11464.0	33026.0	83453.0	539.0	230.0	409.0	734.0	2086.0
1919114090	0.0	0.0	0.0	369.0	9151.0	0.0	0.0	0.0	20.0	11.0
1920061532	0.0	0.0	3923.0	1749.0	4817.0	0.0	0.0	39.0	6.0	20.0
1920535861	424.0	688.0	1202.0	875.0	5834.0	12.0	16.0	32.0	29.0	47.0
1921868697	0.0	0.0	0.0	0.0	66875.0	0.0	0.0	0.0	0.0	89.0
1925950032	9445.0	6962.0	7140.0	6935.0	4634.0	70.0	92.0	210.0	112.0	119.0
1926652273	0.0	81462.0	0.0	140688.0	166211.0	0.0	2263.0	0.0	5211.0	3022.0
1927564525	38230.0	30330.0	165824.0	107273.0	188915.0	277.0	259.0	1105.0	1062.0	1816.0
1930072831	0.0	39590.0	62179.0	46782.0	182903.0	0.0	792.0	957.0	851.0	1793.0
1930227130	120.0	298.0	504.0	130.0	206.0	15.0	15.0	18.0	16.0	34.0
1931755017	14540.0	10104.0	14080.0	21684.0	24528.0	269.0	246.0	503.0	678.0	701.0
1932108903	1246.0	5121.0	6019.0	4374.0	7434.0	125.0	427.0	376.0	199.0	275.0
1933895942	0.0	0.0	0.0	23.0	988.0	0.0	0.0	0.0	1.0	1.0
1934303255	0.0	773.0	4068.0	7496.0	10580.0	0.0	30.0	56.0	35.0	25.0
1935591865	0.0	0.0	3806.0	884.0	998.0	0.0	0.0	45.0	18.0	11.0
1935671631	0.0	0.0	0.0	0.0	0.0	0.0	0.0	0.0	0.0	0.0
1937244784	0.0	0.0	0.0	0.0	0.0	0.0	0.0	0.0	0.0	0.0
1944272797	70.0	0.0	0.0	0.0	0.0	3.0	0.0	0.0	0.0	0.0
1944554947	987.0	1039.0	3676.0	3002.0	1668.0	99.0	58.0	105.0	73.0	42.0
1945390842	27.0	30.0	83.0	0.0	84.0	3.0	1.0	7.0	0.0	4.0
1945584665	0.0	0.0	5784.0	12344.0	13352.0	0.0	0.0	445.0	588.0	371.0
1945805232	0.0	2090.0	3063.0	5221.0	2682.0	0.0	17.0	19.0	24.0	8.0
1952315213	0.0	0.0	433.0	1122.0	4532.0	0.0	0.0	6.0	11.0	8.0
1955292790	171.0	3302.0	3739.0	4884.0	1788.0	10.0	49.0	72.0	122.0	74.0
1958015870	4648.0	10892.0	3723.0	2493.0	41600.0	581.0	908.0	338.0	277.0	1434.0
1960499323	0.0	0.0	419.0	0.0	0.0	0.0	0.0	9.0	0.0	0.0
1965681503	76228.0	43840.0	90740.0	72857.0	171771.0	1386.0	953.0	1712.0	2024.0	2321.0
1968827877	0.0	0.0	1579.0	6750.0	19979.0	0.0	0.0	32.0	30.0	44.0
1971890324	104.0	543.0	1098.0	410.0	0.0	4.0	4.0	5.0	3.0	0.0
1974152033	0.0	0.0	336.0	0.0	4922.0	0.0	0.0	2.0	0.0	7.0
1976798673	7.0	29.0	32.0	98.0	38.0	1.0	0.0	0.0	2.0	0.0
1977278337	1967.0	2176.0	7516.0	6507.0	30417.0	98.0	78.0	179.0	130.0	395.0
1980465571	0.0	357.0	2419.0	3250.0	6435.0	0.0	5.0	13.0	18.0	19.0
1982163497	0.0	0.0	701.0	1074.0	2296.0	0.0	0.0	7.0	4.0	6.0
1982718541	0.0	0.0	0.0	0.0	1789.0	0.0	0.0	0.0	0.0	13.0
1984862383	0.0	0.0	0.0	0.0	81.0	0.0	0.0	0.0	0.0	0.0
1986481745	1321.0	533.0	3576.0	25867.0	27831.0	66.0	59.0	163.0	562.0	843.0
1986866281	4.0	21.0	43.0	101.0	345.0	0.0	2.0	2.0	1.0	4.0
1990821721	0.0	0.0	358.0	2064.0	1613.0	0.0	0.0	3.0	7.0	4.0
1991194723	9761.0	16657.0	27949.0	24320.0	25812.0	199.0	108.0	124.0	191.0	163.0
1993350880	0.0	63.0	534.0	1037.0	5952.0	0.0	3.0	6.0	5.0	12.0
1999393467	52.0	1.0	0.0	6.0	22.0	1.0	0.0	0.0	0.0	1.0
2000363391	171.0	267.0	152.0	0.0	300.0	3.0	3.0	2.0	0.0	3.0
2012579967	139.0	107.0	51.0	146.0	134.0	8.0	5.0	5.0	5.0	2.0
2017335643	133.0	98.0	0.0	0.0	53.0	13.0	24.0	0.0	0.0	11.0
2019094113	0.0	0.0	87.0	0.0	4507.0	0.0	0.0	1.0	0.0	16.0
2019247717	0.0	0.0	0.0	0.0	0.0	0.0	0.0	0.0	0.0	0.0
2019486951	29.0	0.0	0.0	1.0	36.0	3.0	0.0	0.0	1.0	4.0
2023791210	0.0	0.0	0.0	4086.0	14962.0	0.0	0.0	0.0	21.0	21.0
2025994775	8487.0	11103.0	17778.0	22033.0	26918.0	283.0	173.0	342.0	306.0	252.0
2026014915	0.0	348.0	2678.0	331.0	1797.0	0.0	3.0	20.0	2.0	7.0
2029606437	0.0	0.0	72.0	797.0	0.0	0.0	0.0	2.0	7.0	0.0
2034029294	0.0	272.0	25.0	0.0	0.0	0.0	1.0	1.0	0.0	0.0
2034192292	62.0	120.0	0.0	22.0	2.0	8.0	3.0	0.0	2.0	1.0
2040119035	156.0	978.0	894.0	3373.0	4942.0	16.0	16.0	15.0	11.0	17.0
2047613403	0.0	0.0	0.0	231.0	2322.0	0.0	0.0	0.0	3.0	4.0
2051673801	787.0	265.0	240.0	194.0	424.0	7.0	2.0	2.0	2.0	4.0
2053807061	592.0	541.0	288.0	271.0	361.0	42.0	23.0	29.0	14.0	26.0
2053975695	0.0	0.0	0.0	1356.0	18383.0	0.0	0.0	0.0	8.0	29.0
2054793217	0.0	30.0	0.0	0.0	96.0	0.0	1.0	0.0	0.0	0.0
2055410091	0.0	1528.0	2282.0	1499.0	721.0	0.0	15.0	10.0	8.0	3.0
2056382103	0.0	0.0	0.0	0.0	20909.0	0.0	0.0	0.0	0.0	23.0
2067756135	89.0	1342.0	4262.0	4203.0	4376.0	44.0	26.0	19.0	21.0	22.0
2070310990	0.0	0.0	0.0	0.0	92.0	0.0	0.0	0.0	0.0	3.0
2072631987	0.0	0.0	9.0	28.0	0.0	0.0	0.0	1.0	1.0	0.0
2073040423	219.0	839.0	1600.0	2022.0	1829.0	5.0	9.0	10.0	17.0	11.0
2074370833	230.0	329.0	1358.0	57.0	2000.0	2.0	3.0	12.0	1.0	15.0
2080259373	547.0	1547.0	3453.0	1103.0	13341.0	20.0	57.0	89.0	110.0	476.0
2089721401	0.0	0.0	6092.0	13701.0	32018.0	0.0	0.0	39.0	49.0	85.0
2090683994	5732.0	3678.0	3742.0	9800.0	1734.0	75.0	86.0	76.0	136.0	47.0
2092032733	0.0	118.0	164.0	336.0	328.0	0.0	1.0	3.0	3.0	3.0
2094387684	0.0	0.0	0.0	0.0	0.0	0.0	0.0	0.0	0.0	0.0
2099079752	1370.0	222.0	94.0	1.0	0.0	6.0	1.0	1.0	1.0	0.0
2102711012	10.0	32.0	0.0	0.0	0.0	1.0	2.0	0.0	0.0	0.0
2106202530	8.0	7.0	0.0	53.0	0.0	0.0	1.0	0.0	1.0	0.0
2115176080	285.0	477.0	526.0	0.0	7.0	4.0	24.0	48.0	0.0	0.0
2115302210	0.0	0.0	0.0	0.0	6.0	0.0	0.0	0.0	0.0	0.0
2115304994	552.0	0.0	9.0	17.0	9.0	6.0	0.0	2.0	8.0	0.0
2116182794	510.0	2049.0	1334.0	1067.0	1488.0	14.0	22.0	18.0	13.0	12.0
2122233441	145.0	44.0	21.0	14.0	120.0	10.0	6.0	7.0	5.0	7.0
2127461751	111.0	168.0	341.0	618.0	603.0	2.0	3.0	3.0	3.0	2.0
2131445654	1863.0	6620.0	9787.0	9722.0	12286.0	49.0	53.0	56.0	62.0	50.0
2136670495	86.0	358.0	450.0	636.0	700.0	3.0	3.0	2.0	4.0	3.0
2137637745	0.0	0.0	0.0	0.0	89.0	0.0	0.0	0.0	0.0	1.0
2137765880	0.0	0.0	0.0	493.0	422.0	0.0	0.0	0.0	10.0	15.0
2138876990	1225.0	1935.0	958.0	310.0	128.0	33.0	55.0	32.0	12.0	18.0
2139885703	0.0	26900.0	62434.0	63992.0	127993.0	0.0	292.0	281.0	342.0	340.0
2141791335	189.0	549.0	291.0	22083.0	43958.0	2.0	5.0	3.0	151.0	148.0
2141934923	0.0	0.0	0.0	0.0	10815.0	0.0	0.0	0.0	0.0	12.0
2144576481	0.0	0.0	0.0	0.0	25.0	0.0	0.0	0.0	0.0	0.0
2145304743	26.0	89.0	85.0	9.0	26.0	6.0	15.0	21.0	9.0	4.0
2146525962	0.0	136.0	74.0	1260.0	642.0	0.0	2.0	1.0	5.0	2.0
2147543547	0.0	0.0	242.0	865.0	1023.0	0.0	0.0	4.0	3.0	3.0
2148626094	0.0	0.0	29.0	145.0	0.0	0.0	0.0	1.0	2.0	0.0
2150152830	4677.0	3120.0	17231.0	2641.0	16076.0	520.0	312.0	638.0	293.0	328.0
2152760185	475.0	340.0	1347.0	1645.0	2660.0	24.0	14.0	21.0	26.0	27.0
2153773471	0.0	927.0	4827.0	9050.0	22187.0	0.0	28.0	35.0	50.0	144.0
2154212385	0.0	59.0	246.0	730.0	501.0	0.0	1.0	1.0	4.0	2.0
2154547207	0.0	0.0	0.0	13195.0	21005.0	0.0	0.0	0.0	103.0	196.0
2154583655	378.0	755.0	2555.0	643.0	816.0	94.0	58.0	61.0	214.0	45.0
2155138921	0.0	0.0	418.0	0.0	928.0	0.0	0.0	2.0	0.0	4.0
2155987804	0.0	0.0	29878.0	21578.0	57153.0	0.0	0.0	123.0	81.0	226.0
2156166350	0.0	216.0	432.0	2873.0	1242.0	0.0	11.0	9.0	14.0	4.0
2172488380	6350.0	6075.0	8325.0	3283.0	8037.0	155.0	98.0	139.0	91.0	164.0
2173500134	42.0	366.0	74.0	0.0	165.0	4.0	5.0	1.0	0.0	28.0
2173825475	3651.0	29700.0	77481.0	36805.0	56514.0	215.0	354.0	861.0	575.0	673.0
2175199144	0.0	0.0	2216.0	5368.0	124816.0	0.0	0.0	57.0	149.0	154.0
2175842925	40.0	146.0	110.0	308.0	520.0	3.0	13.0	7.0	31.0	20.0
2176645133	729.0	8216.0	8648.0	11913.0	13209.0	73.0	228.0	228.0	221.0	245.0
2184728493	0.0	0.0	14459.0	1565.0	5391.0	0.0	0.0	107.0	12.0	9.0
2185104815	516.0	1145.0	1832.0	897.0	188.0	6.0	5.0	6.0	10.0	4.0
2185432195	19758.0	2094.0	1236.0	1560.0	896.0	1976.0	209.0	309.0	223.0	149.0
2185608961	39595.0	53641.0	65930.0	24701.0	102065.0	660.0	413.0	507.0	298.0	334.0
2186363183	0.0	0.0	0.0	0.0	11639.0	0.0	0.0	0.0	0.0	647.0
2188110855	0.0	631.0	261.0	7911.0	16705.0	0.0	7.0	4.0	172.0	76.0
2189608911	0.0	314.0	588.0	2450.0	6768.0	0.0	5.0	6.0	18.0	29.0
2203045151	0.0	518.0	342.0	2103.0	636.0	0.0	26.0	34.0	68.0	29.0
2205215712	1510.0	33741.0	10207.0	19322.0	30168.0	89.0	193.0	98.0	102.0	93.0
2205675180	2199.0	10321.0	5649.0	2003.0	4521.0	275.0	164.0	138.0	154.0	113.0
2206430561	0.0	0.0	580.0	0.0	4472.0	0.0	0.0	18.0	0.0	5.0
2212311917	158.0	966.0	1681.0	4406.0	3245.0	8.0	25.0	12.0	42.0	23.0
2212518065	140.0	255.0	474.0	367.0	1744.0	2.0	2.0	3.0	37.0	11.0
2213549100	0.0	112.0	41.0	34.0	140.0	0.0	2.0	1.0	1.0	2.0
2213619244	52763.0	51191.0	91409.0	35354.0	48523.0	310.0	406.0	635.0	570.0	638.0
2214542774	58.0	885.0	1511.0	1276.0	2701.0	6.0	26.0	56.0	27.0	113.0
2217389255	33008.0	32567.0	34335.0	21251.0	14983.0	258.0	153.0	226.0	180.0	126.0
2217511264	30.0	284.0	141.0	107.0	543.0	1.0	2.0	1.0	2.0	2.0
2219064012	0.0	0.0	103.0	1541.0	3784.0	0.0	0.0	3.0	5.0	9.0
2219227283	0.0	207.0	76.0	487.0	5303.0	0.0	7.0	11.0	8.0	7.0
2219800644	0.0	0.0	99.0	0.0	12200.0	0.0	0.0	9.0	0.0	15.0
2231241171	0.0	0.0	887.0	360.0	1960.0	0.0	0.0	19.0	2.0	4.0
2231296431	24.0	176.0	6.0	343.0	3694.0	2.0	6.0	3.0	5.0	5.0
2231724507	692.0	678.0	972.0	1037.0	2805.0	16.0	24.0	29.0	35.0	33.0
2241275235	5844.0	14636.0	7772.0	16693.0	21637.0	244.0	161.0	94.0	129.0	158.0
2247164142	0.0	2987.0	29397.0	77420.0	22278.0	0.0	81.0	200.0	288.0	73.0
2251304944	65.0	291.0	2072.0	0.0	189.0	2.0	5.0	12.0	0.0	1.0
2253566775	0.0	0.0	0.0	0.0	24184.0	0.0	0.0	0.0	0.0	25.0
2267310857	1615.0	4445.0	10169.0	18296.0	20737.0	162.0	99.0	101.0	286.0	163.0
2273603747	593.0	592.0	1206.0	3662.0	719.0	14.0	4.0	14.0	26.0	8.0
2282258520	50.0	483.0	1499.0	622.0	1452.0	50.0	8.0	12.0	12.0	15.0
2282991915	0.0	0.0	116.0	0.0	0.0	0.0	0.0	0.0	0.0	0.0
2286457060	0.0	0.0	29.0	0.0	0.0	0.0	0.0	0.0	0.0	0.0
2286696572	24.0	0.0	0.0	3.0	0.0	0.0	0.0	0.0	0.0	0.0
2288652234	4.0	0.0	0.0	476.0	0.0	0.0	0.0	0.0	2.0	0.0
2292092920	0.0	0.0	0.0	0.0	4.0	0.0	0.0	0.0	0.0	4.0
2294233591	0.0	0.0	379.0	2210.0	18367.0	0.0	0.0	8.0	22.0	27.0
2294650094	0.0	0.0	294.0	992.0	231.0	0.0	0.0	1.0	5.0	1.0
2296604561	0.0	0.0	0.0	151.0	0.0	0.0	0.0	0.0	8.0	0.0
2297283717	0.0	3816.0	5403.0	30256.0	169521.0	0.0	382.0	772.0	720.0	1500.0
2297493511	0.0	0.0	0.0	0.0	5581.0	0.0	0.0	0.0	0.0	7.0
2301626242	6.0	0.0	0.0	1161.0	476.0	0.0	0.0	0.0	7.0	3.0
2302787264	156.0	136.0	272.0	562.0	383.0	7.0	5.0	4.0	8.0	6.0
2305514834	0.0	25.0	257.0	0.0	959.0	0.0	1.0	2.0	0.0	3.0
2307736563	0.0	0.0	0.0	10.0	0.0	0.0	0.0	0.0	1.0	0.0
2309392464	0.0	0.0	27.0	0.0	3493.0	0.0	0.0	2.0	0.0	4.0
2318413794	69.0	113.0	10.0	128.0	43.0	1.0	2.0	0.0	2.0	1.0
2322168320	0.0	4790.0	12909.0	5411.0	30836.0	0.0	36.0	68.0	81.0	86.0
2336169183	122.0	746.0	605.0	0.0	0.0	3.0	5.0	3.0	0.0	0.0
2359037744	0.0	0.0	4101.0	13667.0	23022.0	0.0	0.0	293.0	333.0	344.0
2366098464	810.0	972.0	1614.0	250.0	764.0	35.0	29.0	30.0	15.0	31.0
2368678562	1521.0	3313.0	4741.0	6174.0	4401.0	101.0	36.0	69.0	62.0	66.0
2368746162	0.0	0.0	0.0	0.0	23293.0	0.0	0.0	0.0	0.0	24.0
2376442895	5320.0	3633.0	21047.0	6265.0	3651.0	190.0	242.0	915.0	313.0	183.0
2382356540	3335.0	6145.0	21137.0	25095.0	33389.0	167.0	236.0	218.0	306.0	242.0
2385069490	0.0	0.0	62.0	0.0	15372.0	0.0	0.0	3.0	0.0	19.0
2385077904	0.0	0.0	418.0	1287.0	3784.0	0.0	0.0	4.0	6.0	8.0
2390654513	0.0	1552.0	15429.0	9799.0	8216.0	0.0	31.0	52.0	44.0	50.0
2396286111	0.0	0.0	0.0	0.0	315.0	0.0	0.0	0.0	0.0	32.0
2397991440	0.0	0.0	0.0	0.0	13624.0	0.0	0.0	0.0	0.0	9.0
2399301482	7267.0	3788.0	11113.0	1961.0	1895.0	45.0	30.0	123.0	30.0	25.0
2409034375	0.0	0.0	0.0	0.0	2168.0	0.0	0.0	0.0	0.0	2.0
2414492964	0.0	0.0	412.0	454.0	4141.0	0.0	0.0	5.0	6.0	6.0
2420331001	0.0	0.0	0.0	306.0	672.0	0.0	0.0	0.0	9.0	8.0
2421203193	68.0	630.0	137.0	161.0	360.0	3.0	5.0	1.0	2.0	5.0
2421208073	0.0	463.0	594.0	1862.0	2543.0	0.0	5.0	4.0	9.0	8.0
2423757750	3615.0	17304.0	10980.0	13351.0	14823.0	90.0	115.0	99.0	99.0	72.0
2426309195	0.0	0.0	0.0	23.0	0.0	0.0	0.0	0.0	0.0	0.0
2428440643	30.0	177.0	909.0	1080.0	803.0	2.0	2.0	4.0	7.0	4.0
2429847483	0.0	0.0	95.0	196.0	5352.0	0.0	0.0	7.0	1.0	9.0
2435703477	0.0	0.0	0.0	0.0	33.0	0.0	0.0	0.0	0.0	3.0
2435727903	0.0	209.0	171.0	54.0	0.0	0.0	1.0	1.0	0.0	0.0
2436313222	0.0	152.0	389.0	1426.0	0.0	0.0	5.0	2.0	6.0	0.0
2439854907	0.0	11.0	235.0	149.0	219.0	0.0	1.0	1.0	1.0	1.0
2441661772	0.0	0.0	579.0	1107.0	731.0	0.0	0.0	5.0	6.0	2.0
2448184413	0.0	207.0	467.0	552.0	2423.0	0.0	3.0	4.0	4.0	4.0
2451549504	594.0	1529.0	3013.0	3290.0	3238.0	30.0	14.0	18.0	18.0	14.0
2451667715	192.0	1183.0	231.0	746.0	940.0	5.0	9.0	1.0	6.0	8.0
2451705144	0.0	756.0	1203.0	19694.0	8190.0	0.0	15.0	18.0	70.0	23.0
2453801347	21.0	77.0	370.0	184.0	0.0	2.0	1.0	3.0	2.0	0.0
2457872727	0.0	28.0	0.0	0.0	0.0	0.0	2.0	0.0	0.0	0.0
2459718987	0.0	0.0	0.0	272.0	186.0	0.0	0.0	0.0	13.0	27.0
2467783493	0.0	0.0	114.0	517.0	457.0	0.0	0.0	4.0	4.0	3.0
2469840975	0.0	1342.0	1830.0	1200.0	994.0	0.0	29.0	30.0	29.0	23.0
2476006692	0.0	1011.0	7509.0	7626.0	13915.0	0.0	26.0	38.0	39.0	47.0
2484835381	37.0	0.0	0.0	0.0	1.0	4.0	0.0	0.0	0.0	1.0
2485565120	0.0	0.0	2019.0	4770.0	9280.0	0.0	0.0	26.0	22.0	20.0
2493118952	54.0	399.0	1018.0	381.0	621.0	5.0	6.0	5.0	2.0	3.0
2495327692	0.0	0.0	0.0	0.0	5181.0	0.0	0.0	0.0	0.0	5.0
2496393764	0.0	170.0	596.0	2206.0	2695.0	0.0	9.0	9.0	10.0	6.0
2497028981	29.0	0.0	480.0	354.0	0.0	1.0	0.0	2.0	2.0	0.0
2505955900	0.0	0.0	0.0	581.0	3763.0	0.0	0.0	0.0	4.0	8.0
2508899287	0.0	10.0	0.0	0.0	27.0	0.0	0.0	0.0	0.0	1.0
2512574061	0.0	0.0	0.0	0.0	15199.0	0.0	0.0	0.0	0.0	24.0
2513522613	166.0	0.0	249.0	329.0	585.0	1.0	0.0	1.0	3.0	5.0
2516683113	9001.0	7738.0	3873.0	3533.0	5700.0	153.0	88.0	58.0	31.0	56.0
2517830513	0.0	381.0	6338.0	9347.0	31506.0	0.0	38.0	66.0	44.0	70.0
2518349655	0.0	0.0	364.0	2096.0	0.0	0.0	0.0	2.0	9.0	0.0
2519379874	0.0	52.0	24.0	145.0	0.0	0.0	5.0	2.0	2.0	0.0
2519414790	0.0	13.0	22.0	0.0	112.0	0.0	1.0	1.0	0.0	1.0
2519732362	322.0	580.0	13.0	0.0	479.0	10.0	12.0	6.0	0.0	15.0
2520889334	0.0	16482.0	395.0	427.0	0.0	0.0	62.0	3.0	36.0	0.0
2521766162	0.0	5.0	228.0	148.0	1864.0	0.0	0.0	3.0	1.0	3.0
2537099500	0.0	82.0	76.0	177.0	263.0	0.0	1.0	1.0	3.0	5.0
2543598961	67.0	86.0	59.0	23.0	25.0	4.0	1.0	2.0	1.0	0.0
2545230535	0.0	103.0	233.0	30.0	0.0	0.0	1.0	3.0	1.0	0.0
2548127017	486.0	363.0	597.0	1171.0	814.0	16.0	18.0	30.0	34.0	25.0
2550491047	835.0	1427.0	6687.0	24815.0	69646.0	84.0	178.0	209.0	267.0	516.0
2557586352	704.0	227.0	487.0	307.0	339.0	44.0	38.0	35.0	51.0	31.0
2576278033	519.0	938.0	1089.0	596.0	573.0	7.0	5.0	5.0	5.0	5.0
2576867470	0.0	2786.0	5631.0	9952.0	40467.0	0.0	84.0	245.0	343.0	663.0
2589432731	0.0	0.0	168.0	676.0	3531.0	0.0	0.0	6.0	4.0	6.0
2589463190	241.0	118.0	504.0	204.0	1112.0	4.0	8.0	28.0	16.0	185.0
2595620092	0.0	0.0	135.0	0.0	0.0	0.0	0.0	1.0	0.0	0.0
2602484450	0.0	0.0	0.0	0.0	4196.0	0.0	0.0	0.0	0.0	5.0
2604354275	0.0	0.0	599.0	347.0	657.0	0.0	0.0	4.0	2.0	2.0
2608983881	75.0	0.0	119.0	1177.0	7221.0	3.0	0.0	1.0	7.0	21.0
2609640140	173.0	394.0	0.0	0.0	0.0	1.0	1.0	0.0	0.0	0.0
2610898374	0.0	0.0	1542.0	1055.0	2061.0	0.0	0.0	21.0	4.0	6.0
2611030625	0.0	0.0	57.0	0.0	5570.0	0.0	0.0	6.0	0.0	11.0
2613006173	4559.0	11983.0	12539.0	3939.0	26880.0	59.0	60.0	94.0	63.0	159.0
2615850625	504.0	2298.0	817.0	1816.0	754.0	4.0	9.0	4.0	19.0	13.0
2619057517	4229.0	7619.0	7131.0	3654.0	6987.0	124.0	86.0	94.0	59.0	74.0
2619130163	0.0	0.0	7280.0	17561.0	6078.0	0.0	0.0	18.0	66.0	24.0
2619215692	0.0	10.0	0.0	300.0	99.0	0.0	10.0	0.0	8.0	0.0
2624215580	6.0	7.0	7.0	0.0	66.0	1.0	2.0	0.0	0.0	2.0
2625018254	0.0	0.0	249.0	0.0	904.0	0.0	0.0	2.0	0.0	2.0
2625098494	0.0	0.0	2318.0	0.0	304.0	0.0	0.0	16.0	0.0	1.0
2626658043	0.0	0.0	355.0	1296.0	3472.0	0.0	0.0	12.0	10.0	10.0
2626682903	0.0	592.0	5215.0	3094.0	10974.0	0.0	15.0	33.0	12.0	23.0
2626683933	111.0	330.0	899.0	619.0	521.0	3.0	3.0	6.0	4.0	3.0
2626689011	0.0	399.0	1249.0	684.0	0.0	0.0	6.0	5.0	7.0	0.0
2626690453	0.0	133.0	0.0	310.0	310.0	0.0	2.0	0.0	1.0	1.0
2626697577	0.0	27.0	96.0	0.0	195.0	0.0	1.0	1.0	0.0	1.0
2626948743	25954.0	3135.0	43044.0	15702.0	15769.0	1236.0	448.0	1389.0	628.0	717.0
2627323163	0.0	159.0	549.0	416.0	320.0	0.0	7.0	12.0	6.0	3.0
2633766381	387.0	550.0	1231.0	3183.0	754.0	39.0	16.0	28.0	177.0	26.0
2640565534	0.0	3.0	1245.0	894.0	1458.0	0.0	3.0	7.0	3.0	5.0
2641636423	2150.0	4001.0	3845.0	1876.0	1771.0	15.0	24.0	33.0	15.0	15.0
2645996150	4003.0	8439.0	3470.0	3293.0	7136.0	118.0	384.0	151.0	97.0	188.0
2646163860	1632.0	724.0	1464.0	6585.0	5976.0	78.0	72.0	133.0	173.0	213.0
2648157505	0.0	0.0	181.0	591.0	0.0	0.0	0.0	2.0	2.0	0.0
2650257612	0.0	80.0	495.0	414.0	10575.0	0.0	9.0	12.0	2.0	21.0
2650274624	0.0	56.0	286.0	0.0	5526.0	0.0	1.0	8.0	0.0	12.0
2650922794	0.0	0.0	1414.0	194.0	9169.0	0.0	0.0	23.0	11.0	12.0
2651196052	952.0	1086.0	5089.0	7587.0	7474.0	95.0	60.0	54.0	45.0	33.0
2652162890	0.0	0.0	430.0	333.0	14218.0	0.0	0.0	17.0	14.0	19.0
2654915197	15.0	1.0	0.0	0.0	0.0	2.0	0.0	0.0	0.0	0.0
2656829134	0.0	0.0	166.0	1636.0	1670.0	0.0	0.0	1.0	7.0	4.0
2657026753	0.0	604.0	6078.0	12668.0	13385.0	0.0	40.0	36.0	48.0	40.0
2657550845	0.0	0.0	0.0	0.0	44890.0	0.0	0.0	0.0	0.0	2993.0
2663743715	0.0	367.0	5812.0	8695.0	9468.0	0.0	4.0	30.0	44.0	29.0
2670125917	0.0	99.0	4962.0	6802.0	5304.0	0.0	10.0	29.0	24.0	17.0
2673702334	0.0	0.0	31.0	0.0	0.0	0.0	0.0	0.0	0.0	0.0
2685579400	0.0	217.0	621.0	659.0	528.0	0.0	7.0	6.0	9.0	7.0
2686579097	21873.0	55178.0	20256.0	9736.0	18023.0	160.0	286.0	155.0	126.0	142.0
2692255291	0.0	0.0	1962.0	213.0	20183.0	0.0	0.0	22.0	13.0	26.0
2701148474	6217.0	30279.0	80979.0	134180.0	173128.0	565.0	1009.0	1246.0	1890.0	2664.0
2701583622	0.0	0.0	0.0	0.0	18.0	0.0	0.0	0.0	0.0	2.0
2702985475	255.0	325.0	0.0	614.0	27.0	8.0	10.0	0.0	4.0	3.0
2703083495	483.0	40.0	39.0	197.0	337.0	24.0	40.0	20.0	25.0	13.0
2705688633	0.0	0.0	0.0	0.0	2005.0	0.0	0.0	0.0	0.0	3.0
2708629577	197.0	325.0	0.0	212.0	2805.0	5.0	15.0	0.0	2.0	4.0
2709577332	0.0	0.0	0.0	0.0	4088.0	0.0	0.0	0.0	0.0	409.0
2711307095	0.0	0.0	101.0	1587.0	941.0	0.0	0.0	9.0	6.0	2.0
2711369471	0.0	0.0	17.0	86.0	667.0	0.0	0.0	2.0	2.0	2.0
2711373095	122.0	195.0	266.0	375.0	730.0	1.0	4.0	9.0	3.0	2.0
2712297332	0.0	76.0	0.0	0.0	671.0	0.0	4.0	0.0	0.0	1.0
2712860252	1713.0	599.0	7101.0	7555.0	3574.0	90.0	60.0	75.0	97.0	53.0
2713686834	181.0	119.0	601.0	212.0	3620.0	5.0	6.0	16.0	2.0	6.0
2714257590	0.0	197.0	69.0	0.0	1039.0	0.0	4.0	3.0	0.0	2.0
2719325441	23523.0	10168.0	11825.0	32878.0	8758.0	283.0	154.0	174.0	484.0	122.0
2722387481	150.0	280.0	323.0	567.0	546.0	2.0	1.0	3.0	4.0	5.0
2722441930	209.0	1518.0	1015.0	13739.0	11607.0	21.0	19.0	6.0	87.0	40.0
2723620723	435.0	144.0	1163.0	0.0	7933.0	23.0	14.0	116.0	0.0	10.0
2723635982	2663.0	9182.0	15769.0	3302.0	23126.0	42.0	66.0	42.0	183.0	436.0
2726601057	0.0	6213.0	34135.0	40111.0	35302.0	0.0	132.0	161.0	199.0	185.0
2729836251	40.0	1386.0	612.0	424.0	677.0	4.0	13.0	7.0	6.0	9.0
2731146817	5244.0	3362.0	8259.0	3274.0	2780.0	524.0	672.0	486.0	468.0	309.0
2732055990	426.0	512.0	1052.0	1051.0	1434.0	21.0	15.0	20.0	21.0	18.0
2732509803	354.0	1618.0	2223.0	4209.0	5980.0	4.0	15.0	26.0	37.0	52.0
2737421304	0.0	1146.0	2090.0	2457.0	5969.0	0.0	12.0	20.0	11.0	16.0
2740317235	0.0	0.0	0.0	0.0	574.0	0.0	0.0	0.0	0.0	1.0
2740928150	2747.0	2458.0	693.0	8433.0	7562.0	687.0	614.0	346.0	767.0	582.0
2742964807	0.0	4637.0	870.0	0.0	4139.0	0.0	136.0	290.0	0.0	376.0
2752831922	0.0	0.0	171.0	175.0	146.0	0.0	0.0	1.0	1.0	0.0
2756133977	403.0	758.0	4.0	42.0	42.0	50.0	76.0	4.0	6.0	4.0
2757194940	0.0	2375.0	3014.0	9724.0	5196.0	0.0	88.0	21.0	72.0	27.0
2758336701	455.0	0.0	100.0	0.0	0.0	7.0	0.0	1.0	0.0	0.0
2760275217	461.0	1819.0	2350.0	1471.0	6600.0	11.0	24.0	19.0	9.0	22.0
2762663280	0.0	0.0	275.0	212.0	3546.0	0.0	0.0	4.0	3.0	6.0
2772147951	0.0	0.0	0.0	14.0	0.0	0.0	0.0	0.0	0.0	0.0
2779530461	371.0	569.0	252.0	1023.0	609.0	3.0	3.0	2.0	8.0	4.0
2780654600	0.0	0.0	169.0	84.0	0.0	0.0	0.0	5.0	2.0	0.0
2783769922	30.0	0.0	5.0	0.0	0.0	30.0	0.0	5.0	0.0	0.0
2784078091	148.0	106.0	0.0	21.0	42.0	3.0	1.0	0.0	0.0	1.0
2791546850	0.0	0.0	7595.0	3934.0	5882.0	0.0	0.0	75.0	53.0	48.0
2791879260	370.0	90.0	573.0	124.0	616.0	9.0	8.0	12.0	7.0	8.0
2794060445	0.0	1319.0	71.0	1209.0	2772.0	0.0	6.0	0.0	5.0	23.0
2794215895	0.0	382.0	981.0	368.0	1964.0	0.0	6.0	8.0	3.0	14.0
2794665971	12116.0	45452.0	55718.0	37424.0	34648.0	319.0	281.0	267.0	192.0	172.0
2796073322	10.0	0.0	64.0	97.0	245.0	3.0	0.0	6.0	7.0	10.0
2796627290	1068.0	835.0	1444.0	1707.0	1687.0	22.0	32.0	76.0	190.0	38.0
2796802654	108.0	558.0	123.0	404.0	210.0	6.0	14.0	8.0	14.0	10.0
2802930744	0.0	0.0	531.0	266.0	2393.0	0.0	0.0	3.0	6.0	4.0
2804610542	12478.0	7132.0	11080.0	2247.0	22698.0	139.0	88.0	112.0	32.0	82.0
2805326271	0.0	30.0	1617.0	1820.0	3341.0	0.0	3.0	7.0	6.0	10.0
2807684421	0.0	85025.0	168630.0	98772.0	158494.0	0.0	1771.0	831.0	1051.0	997.0
2811535837	107.0	3.0	112.0	15.0	71.0	4.0	2.0	4.0	1.0	2.0
2813469294	0.0	94.0	1761.0	4404.0	13935.0	0.0	7.0	14.0	34.0	29.0
2814948734	0.0	406.0	3852.0	1585.0	10584.0	0.0	406.0	321.0	226.0	423.0
2816892483	0.0	0.0	266.0	792.0	4141.0	0.0	0.0	30.0	72.0	28.0
2818638325	213.0	174.0	107.0	393.0	88.0	4.0	4.0	8.0	12.0	10.0
2823170691	11086.0	6918.0	4241.0	13024.0	13164.0	270.0	71.0	46.0	94.0	80.0
2823417024	354.0	965.0	1084.0	763.0	1687.0	8.0	10.0	14.0	8.0	10.0
2829130665	0.0	1157.0	2477.0	1203.0	2705.0	0.0	11.0	16.0	9.0	11.0
2834527360	94.0	479.0	35.0	54.0	177.0	9.0	15.0	2.0	4.0	13.0
2835392520	0.0	0.0	7153.0	26575.0	24249.0	0.0	0.0	715.0	1898.0	735.0
2838324945	214.0	572.0	539.0	549.0	364.0	3.0	4.0	4.0	6.0	3.0
2840252665	0.0	0.0	852.0	967.0	2744.0	0.0	0.0	5.0	7.0	14.0
2841054630	983.0	1474.0	2226.0	4072.0	13273.0	49.0	51.0	40.0	127.0	184.0
2848406842	0.0	0.0	0.0	0.0	0.0	0.0	0.0	0.0	0.0	0.0
2854735801	0.0	1999.0	32299.0	20212.0	25069.0	0.0	69.0	136.0	75.0	80.0
2855143392	0.0	0.0	0.0	0.0	867.0	0.0	0.0	0.0	0.0	87.0
2856943142	2436.0	3582.0	2292.0	2168.0	2383.0	271.0	24.0	9.0	16.0	18.0
2863636282	0.0	0.0	14.0	80.0	114.0	0.0	0.0	1.0	4.0	2.0
2871012475	4318.0	2995.0	2250.0	29415.0	7075.0	17.0	64.0	125.0	754.0	272.0
2873202464	0.0	0.0	0.0	0.0	5169.0	0.0	0.0	0.0	0.0	67.0
2880923225	0.0	0.0	357.0	242.0	1215.0	0.0	0.0	7.0	1.0	3.0
2882083237	10128.0	16814.0	21295.0	22866.0	26864.0	109.0	125.0	150.0	197.0	266.0
2885273312	0.0	8.0	173.0	1004.0	2624.0	0.0	0.0	4.0	18.0	55.0
2893351587	75.0	1814.0	1636.0	59.0	1342.0	4.0	6.0	11.0	6.0	28.0
2894131574	0.0	259.0	1077.0	1655.0	3169.0	0.0	13.0	8.0	9.0	7.0
2895287230	0.0	0.0	0.0	0.0	325.0	0.0	0.0	0.0	0.0	3.0
2904869231	0.0	0.0	0.0	1493.0	2296.0	0.0	0.0	0.0	9.0	9.0
2905597415	0.0	0.0	130.0	6.0	54.0	0.0	0.0	4.0	1.0	3.0
2907576527	36.0	0.0	306.0	124.0	0.0	1.0	0.0	9.0	1.0	0.0
2909406375	0.0	0.0	804.0	2861.0	97957.0	0.0	0.0	30.0	40.0	148.0
2916558967	575.0	4798.0	1920.0	2815.0	2633.0	6.0	27.0	13.0	17.0	19.0
2920964804	0.0	0.0	0.0	0.0	13.0	0.0	0.0	0.0	0.0	0.0
2921244020	0.0	1016.0	1121.0	1825.0	2996.0	0.0	8.0	7.0	9.0	14.0
2921244052	0.0	89.0	0.0	454.0	1046.0	0.0	2.0	0.0	2.0	4.0
2922893803	0.0	10.0	358.0	384.0	910.0	0.0	0.0	2.0	2.0	4.0
2924853791	64.0	1472.0	1295.0	810.0	3030.0	1.0	8.0	6.0	4.0	16.0
2927040120	0.0	1097.0	1500.0	965.0	2005.0	0.0	10.0	8.0	5.0	9.0
2929743983	343.0	3516.0	4413.0	7734.0	15344.0	7.0	22.0	36.0	45.0	65.0
2934018990	0.0	0.0	0.0	0.0	4409.0	0.0	0.0	0.0	0.0	5.0
2936928392	134.0	3673.0	2101.0	3975.0	2270.0	13.0	23.0	8.0	20.0	18.0
2939662322	2472.0	1627.0	1611.0	1502.0	1866.0	18.0	15.0	13.0	13.0	21.0
2940306862	29.0	44.0	0.0	36.0	0.0	0.0	0.0	0.0	1.0	0.0
2950079471	0.0	0.0	0.0	0.0	3446.0	0.0	0.0	0.0	0.0	4.0
2952435102	0.0	0.0	1970.0	31928.0	79182.0	0.0	0.0	141.0	103.0	189.0
2958393353	2544.0	3529.0	2653.0	15892.0	17024.0	33.0	54.0	28.0	103.0	131.0
2970036311	4205.0	171554.0	375212.0	464840.0	539831.0	420.0	1682.0	2405.0	2075.0	2421.0
2970452952	0.0	522.0	1119.0	10296.0	44657.0	0.0	44.0	86.0	572.0	2127.0
2976236410	2085.0	2122.0	4115.0	2489.0	1511.0	25.0	14.0	27.0	15.0	11.0
2978297680	0.0	0.0	0.0	160.0	0.0	0.0	0.0	0.0	0.0	0.0
2989711261	0.0	493.0	847.0	6228.0	3044.0	0.0	7.0	20.0	38.0	25.0
2991093430	0.0	0.0	0.0	13.0	15.0	0.0	0.0	0.0	0.0	0.0
2998067174	0.0	0.0	0.0	0.0	4448.0	0.0	0.0	0.0	0.0	4.0
2998966864	0.0	0.0	232.0	949.0	998.0	0.0	0.0	1.0	3.0	2.0
3018242917	0.0	0.0	122.0	265.0	5989.0	0.0	0.0	15.0	26.0	8.0
3041018631	0.0	0.0	0.0	0.0	9.0	0.0	0.0	0.0	0.0	0.0
3042505735	2653.0	2794.0	28282.0	22654.0	20839.0	95.0	116.0	139.0	104.0	78.0
3056560531	0.0	0.0	0.0	0.0	19091.0	0.0	0.0	0.0	0.0	23.0
3065331875	1276.0	2718.0	1738.0	3203.0	3435.0	44.0	68.0	42.0	128.0	57.0
3082731712	0.0	0.0	0.0	5761.0	28132.0	0.0	0.0	0.0	34.0	56.0
3083673764	5.0	0.0	0.0	1289.0	4184.0	1.0	0.0	0.0	7.0	19.0
3085327787	0.0	852.0	3909.0	7180.0	12255.0	0.0	30.0	36.0	30.0	33.0
3090409010	41.0	1303.0	1873.0	511.0	1421.0	1.0	130.0	144.0	32.0	142.0
3090446140	0.0	23168.0	2717.0	3619.0	6297.0	0.0	1219.0	170.0	213.0	315.0
3092386187	304.0	459.0	80.0	191.0	2130.0	3.0	2.0	1.0	2.0	14.0
3097328157	18.0	0.0	20.0	0.0	706.0	2.0	0.0	0.0	0.0	1.0
3101945993	0.0	0.0	4.0	0.0	1170.0	0.0	0.0	1.0	0.0	1.0
3105995457	0.0	0.0	0.0	7.0	0.0	0.0	0.0	0.0	1.0	0.0
3106081485	0.0	0.0	0.0	0.0	2400.0	0.0	0.0	0.0	0.0	2.0
3129516717	3062.0	1522.0	3405.0	1272.0	1822.0	102.0	138.0	189.0	64.0	91.0
3136788225	0.0	60.0	169.0	1040.0	10364.0	0.0	10.0	7.0	13.0	29.0
3146413724	0.0	114.0	0.0	595.0	353.0	0.0	1.0	0.0	3.0	1.0
3148758435	12731.0	1039.0	10231.0	30824.0	19744.0	909.0	115.0	130.0	315.0	256.0
3152908701	0.0	0.0	0.0	0.0	0.0	0.0	0.0	0.0	0.0	0.0
3154810532	0.0	0.0	432.0	86.0	17188.0	0.0	0.0	7.0	10.0	20.0
3163159453	0.0	23.0	46.0	19.0	46.0	0.0	2.0	12.0	5.0	5.0
3163213212	0.0	0.0	909.0	43432.0	52303.0	0.0	0.0	114.0	134.0	112.0
3163859682	172.0	230.0	35.0	40.0	108.0	2.0	3.0	2.0	2.0	3.0
3167305545	0.0	5336.0	54864.0	71833.0	112572.0	0.0	296.0	259.0	252.0	297.0
3171948942	697.0	0.0	288.0	90.0	893.0	70.0	0.0	41.0	6.0	47.0
3174997853	0.0	0.0	3400.0	3189.0	4658.0	0.0	0.0	13.0	11.0	19.0
3175704507	0.0	0.0	0.0	139.0	0.0	0.0	0.0	0.0	9.0	0.0
3179407457	0.0	25.0	0.0	0.0	0.0	0.0	3.0	0.0	0.0	0.0
3189405031	340.0	1064.0	113.0	185.0	181.0	20.0	46.0	7.0	21.0	10.0
3191534861	599.0	29694.0	93049.0	70639.0	92477.0	60.0	424.0	529.0	501.0	460.0
3191568265	17550.0	25735.0	129783.0	82542.0	89128.0	702.0	334.0	1381.0	1310.0	874.0
3193430923	348.0	806.0	2700.0	2990.0	7787.0	29.0	81.0	79.0	111.0	260.0
3194192161	0.0	256.0	1389.0	1818.0	1276.0	0.0	2.0	9.0	9.0	4.0
3198167840	202.0	94.0	446.0	662.0	1296.0	10.0	9.0	9.0	9.0	11.0
3199893597	0.0	0.0	0.0	0.0	383.0	0.0	0.0	0.0	0.0	0.0
3200440947	4984.0	4719.0	4959.0	9046.0	19152.0	237.0	236.0	381.0	274.0	737.0
3203139555	0.0	46.0	12.0	24.0	7.0	0.0	4.0	2.0	4.0	2.0
3204658137	204.0	4596.0	1454.0	3844.0	5557.0	20.0	14.0	18.0	21.0	43.0
3206325802	0.0	417.0	2.0	119.0	231.0	0.0	2.0	0.0	1.0	4.0
3209618112	0.0	15596.0	52373.0	44523.0	38412.0	0.0	200.0	232.0	196.0	172.0
3210735725	348.0	656.0	243.0	268.0	401.0	4.0	9.0	5.0	4.0	9.0
3213060995	1210.0	2329.0	2772.0	4577.0	5533.0	26.0	20.0	25.0	21.0	43.0
3214649904	0.0	54.0	1949.0	5663.0	8150.0	0.0	5.0	27.0	33.0	15.0
3221914435	948.0	13.0	0.0	6.0	0.0	237.0	6.0	0.0	2.0	0.0
3222409142	0.0	0.0	48.0	524.0	0.0	0.0	0.0	3.0	2.0	0.0
3225022692	0.0	47.0	758.0	171.0	1661.0	0.0	1.0	6.0	9.0	8.0
3234978620	0.0	0.0	0.0	1118.0	0.0	0.0	0.0	0.0	4.0	0.0
3249453684	226.0	426.0	932.0	1168.0	6.0	2.0	2.0	25.0	17.0	1.0
3253328830	0.0	0.0	100.0	3287.0	2001.0	0.0	0.0	1.0	11.0	5.0
3264689290	0.0	0.0	4357.0	4416.0	14737.0	0.0	0.0	36.0	29.0	27.0
3276238870	0.0	0.0	1367.0	0.0	6368.0	0.0	0.0	11.0	0.0	11.0
3276810147	0.0	900.0	3659.0	2576.0	2424.0	0.0	20.0	17.0	17.0	12.0
3283708002	0.0	0.0	35.0	208.0	114.0	0.0	0.0	1.0	1.0	1.0
3289097097	0.0	2.0	4.0	5163.0	18118.0	0.0	0.0	4.0	35.0	38.0
3300097505	243.0	0.0	327.0	170.0	97.0	5.0	0.0	6.0	4.0	14.0
3305085281	0.0	0.0	24938.0	20982.0	305599.0	0.0	0.0	316.0	446.0	434.0
3307175952	1040.0	1510.0	308.0	1856.0	6053.0	260.0	302.0	308.0	265.0	378.0
3314280193	0.0	0.0	0.0	0.0	1220.0	0.0	0.0	0.0	0.0	1.0
3315542331	0.0	215.0	880.0	1890.0	799.0	0.0	4.0	5.0	5.0	3.0
3323442082	0.0	0.0	296.0	0.0	16899.0	0.0	0.0	15.0	0.0	21.0
3345937850	4.0	0.0	0.0	0.0	0.0	4.0	0.0	0.0	0.0	0.0
3351733370	623.0	764.0	612.0	342.0	1945.0	11.0	11.0	6.0	4.0	17.0
3359309784	99.0	95.0	39.0	81.0	193.0	10.0	7.0	4.0	12.0	5.0
3368110604	0.0	302.0	880.0	4085.0	846.0	0.0	7.0	3.0	37.0	2.0
3401191764	0.0	0.0	0.0	0.0	48991.0	0.0	0.0	0.0	0.0	59.0
3419305134	0.0	0.0	0.0	0.0	18076.0	0.0	0.0	0.0	0.0	135.0
3461350924	2970.0	2536.0	7437.0	6812.0	7484.0	330.0	362.0	323.0	243.0	267.0
3464551694	0.0	0.0	51.0	0.0	177.0	0.0	0.0	0.0	0.0	1.0
3474574632	36.0	129.0	143.0	172.0	70.0	2.0	2.0	1.0	1.0	1.0
3517499214	5972.0	9997.0	21121.0	4645.0	5759.0	51.0	52.0	146.0	51.0	48.0
3523916795	0.0	0.0	474.0	1478.0	1508.0	0.0	0.0	6.0	11.0	7.0
3538266147	0.0	0.0	0.0	0.0	524.0	0.0	0.0	0.0	0.0	4.0
3538621574	0.0	0.0	279.0	695.0	1192.0	0.0	0.0	2.0	3.0	3.0
3538883541	404.0	832.0	1410.0	648.0	1859.0	4.0	6.0	11.0	5.0	8.0
3540631410	0.0	19.0	473.0	904.0	310.0	0.0	1.0	3.0	5.0	1.0
3541109237	0.0	0.0	0.0	0.0	986.0	0.0	0.0	0.0	0.0	1.0
3547430354	0.0	0.0	1.0	14.0	6.0	0.0	0.0	0.0	1.0	1.0
3553487927	17.0	324.0	62.0	730.0	1240.0	6.0	5.0	3.0	2.0	3.0
3567056502	11.0	27.0	234.0	0.0	1219.0	1.0	1.0	1.0	0.0	3.0
3611140305	0.0	0.0	0.0	0.0	6587.0	0.0	0.0	0.0	0.0	15.0
3613440743	0.0	0.0	0.0	0.0	16706.0	0.0	0.0	0.0	0.0	12.0
3633515512	0.0	0.0	0.0	0.0	3093.0	0.0	0.0	0.0	0.0	3.0
3664122147	607.0	3876.0	2907.0	5519.0	17519.0	61.0	86.0	66.0	77.0	83.0
3670653167	70.0	104.0	35.0	9.0	17.0	4.0	4.0	7.0	0.0	1.0
3694919990	0.0	0.0	303.0	0.0	23532.0	0.0	0.0	6.0	0.0	29.0
3702609717	0.0	0.0	138.0	291.0	10868.0	0.0	0.0	2.0	1.0	20.0
3726449081	0.0	106.0	1207.0	462.0	166.0	0.0	3.0	10.0	11.0	5.0
3730040331	673.0	1695.0	2199.0	3855.0	2523.0	37.0	74.0	34.0	51.0	57.0
3768854581	0.0	0.0	3185.0	1625.0	0.0	0.0	0.0	27.0	35.0	0.0
3788285987	0.0	59.0	2174.0	3274.0	5157.0	0.0	0.0	14.0	21.0	32.0
3817188860	38.0	33.0	1322.0	8157.0	41231.0	4.0	1.0	25.0	194.0	808.0
3825044959	605.0	7083.0	3569.0	655.0	0.0	10.0	23.0	25.0	9.0	0.0
3825083840	0.0	0.0	188.0	429.0	5713.0	0.0	0.0	2.0	1.0	10.0
3833070073	937.0	1952.0	5469.0	2104.0	5211.0	29.0	25.0	34.0	49.0	68.0
3847782259	0.0	0.0	0.0	44495.0	276758.0	0.0	0.0	0.0	454.0	968.0
3859183304	0.0	322.0	476.0	0.0	225.0	0.0	64.0	79.0	0.0	45.0
3867177078	0.0	0.0	325.0	168.0	1945.0	0.0	0.0	9.0	3.0	10.0
3881021356	0.0	0.0	47.0	0.0	792.0	0.0	0.0	2.0	0.0	1.0
3881023149	0.0	0.0	367.0	1943.0	2726.0	0.0	0.0	5.0	6.0	8.0
3888073849	12254.0	13473.0	15432.0	14715.0	8097.0	115.0	166.0	102.0	182.0	64.0
3897355704	804.0	2493.0	4060.0	3800.0	2581.0	40.0	22.0	21.0	30.0	15.0
3898259747	0.0	0.0	0.0	0.0	9177.0	0.0	0.0	0.0	0.0	9.0
3913887849	24.0	0.0	566.0	1981.0	10321.0	1.0	0.0	8.0	14.0	49.0
3913908806	0.0	0.0	359.0	1607.0	513.0	0.0	0.0	7.0	10.0	4.0
3914131564	0.0	393.0	1002.0	2531.0	3282.0	0.0	8.0	9.0	14.0	12.0
3920631851	0.0	0.0	357.0	0.0	10769.0	0.0	0.0	7.0	0.0	12.0
3920678309	0.0	0.0	0.0	6.0	0.0	0.0	0.0	0.0	0.0	0.0
3934035612	0.0	0.0	141.0	3915.0	42213.0	0.0	0.0	16.0	20.0	69.0
3938522262	0.0	202.0	362.0	582.0	1302.0	0.0	2.0	2.0	3.0	4.0
3940460809	0.0	0.0	0.0	276.0	501.0	0.0	0.0	0.0	1.0	1.0
3943178392	0.0	0.0	0.0	0.0	18395.0	0.0	0.0	0.0	0.0	22.0
3963155532	0.0	868.0	0.0	279.0	561.0	0.0	5.0	0.0	4.0	4.0
3966016723	9888.0	3989.0	12364.0	19469.0	14285.0	64.0	41.0	139.0	137.0	84.0
3969876050	0.0	0.0	0.0	6021.0	80.0	0.0	0.0	0.0	32.0	5.0
3970319509	0.0	29.0	528.0	786.0	2602.0	0.0	1.0	6.0	3.0	7.0
3972488587	0.0	0.0	2340.0	1352.0	6075.0	0.0	0.0	15.0	7.0	12.0
3982698971	70.0	110.0	241.0	258.0	255.0	3.0	1.0	1.0	1.0	1.0
3985527728	3431.0	8890.0	13213.0	6663.0	14221.0	343.0	202.0	294.0	333.0	889.0
3986933335	0.0	0.0	150.0	0.0	6020.0	0.0	0.0	4.0	0.0	7.0
5035129725	432.0	367.0	740.0	167.0	908.0	8.0	6.0	14.0	5.0	18.0
5040955225	14702.0	18839.0	36503.0	28268.0	26773.0	155.0	131.0	221.0	174.0	154.0
5041262490	1676.0	5000.0	3680.0	4281.0	11193.0	62.0	96.0	119.0	138.0	260.0
5042104968	14853.0	4806.0	6288.0	7070.0	10046.0	256.0	54.0	71.0	50.0	99.0
5042478371	0.0	0.0	85.0	54.0	10911.0	0.0	0.0	2.0	4.0	14.0
5059187293	2048.0	5393.0	4532.0	7982.0	4826.0	46.0	39.0	47.0	40.0	24.0
5073481692	0.0	0.0	67.0	96.0	4549.0	0.0	0.0	2.0	3.0	6.0
5075005632	0.0	0.0	0.0	128.0	69.0	0.0	0.0	0.0	2.0	1.0
5075056335	0.0	0.0	20.0	0.0	515.0	0.0	0.0	2.0	0.0	1.0
5076607678	2410.0	7548.0	1126.0	1175.0	348.0	51.0	47.0	27.0	28.0	35.0
5079349665	27.0	0.0	511.0	0.0	0.0	14.0	0.0	16.0	0.0	0.0
5083082187	1536.0	535.0	736.0	1075.0	2921.0	10.0	6.0	6.0	13.0	12.0
5086594940	0.0	440.0	561.0	724.0	1154.0	0.0	19.0	21.0	19.0	25.0
5088727174	0.0	300.0	319.0	2313.0	3488.0	0.0	8.0	6.0	8.0	8.0
5090636336	1281.0	532.0	234.0	432.0	848.0	15.0	9.0	9.0	8.0	18.0
5095544206	0.0	1440.0	1969.0	777.0	1176.0	0.0	15.0	8.0	4.0	5.0
5098547539	762.0	18882.0	18560.0	48309.0	36913.0	54.0	337.0	290.0	343.0	237.0
5101863971	7974.0	27011.0	32337.0	20123.0	9249.0	60.0	145.0	188.0	188.0	125.0
5108139177	0.0	0.0	2679.0	17.0	1638.0	0.0	0.0	9.0	8.0	3.0
5111339189	143.0	0.0	264.0	4292.0	10586.0	8.0	0.0	10.0	15.0	28.0
5117168923	137.0	63.0	394.0	0.0	163.0	34.0	21.0	36.0	0.0	18.0
5125859452	5.0	3.0	421.0	1383.0	1152.0	2.0	1.0	13.0	26.0	21.0
5127225727	11902.0	41803.0	21968.0	43821.0	36611.0	172.0	217.0	207.0	242.0	179.0
5131553839	0.0	0.0	0.0	2912.0	14949.0	0.0	0.0	0.0	81.0	122.0
5131587272	0.0	2288.0	401.0	1728.0	822.0	0.0	33.0	3.0	8.0	4.0
5137463751	0.0	0.0	0.0	0.0	0.0	0.0	0.0	0.0	0.0	0.0
5138579079	0.0	0.0	557.0	0.0	51165.0	0.0	0.0	29.0	0.0	59.0
5142633529	0.0	5.0	0.0	0.0	0.0	0.0	0.0	0.0	0.0	0.0
5143990099	0.0	0.0	0.0	0.0	0.0	0.0	0.0	0.0	0.0	0.0
5144723923	0.0	0.0	6906.0	14862.0	11656.0	0.0	0.0	49.0	142.0	80.0
5150931617	6203.0	7438.0	4244.0	853.0	660.0	58.0	105.0	41.0	14.0	11.0
5156251815	0.0	0.0	109.0	217.0	4329.0	0.0	0.0	2.0	3.0	7.0
5166184780	433.0	3597.0	2434.0	4067.0	17959.0	62.0	164.0	128.0	290.0	428.0
5177358951	546.0	55.0	353.0	117.0	237.0	29.0	4.0	39.0	6.0	9.0
5191190515	531.0	0.0	1698.0	3004.0	5043.0	53.0	0.0	142.0	273.0	93.0
5202542789	0.0	0.0	3.0	0.0	0.0	0.0	0.0	0.0	0.0	0.0
5205919794	0.0	212.0	1165.0	2327.0	5376.0	0.0	21.0	12.0	12.0	13.0
5208724334	0.0	0.0	0.0	0.0	427.0	0.0	0.0	0.0	0.0	0.0
5212571993	894.0	350.0	127.0	130.0	484.0	7.0	5.0	5.0	6.0	22.0
5215952550	0.0	0.0	0.0	0.0	0.0	0.0	0.0	0.0	0.0	0.0
5217890053	0.0	0.0	0.0	0.0	1837.0	0.0	0.0	0.0	0.0	1.0
5232055343	1306.0	6121.0	2317.0	20432.0	14618.0	30.0	86.0	154.0	929.0	504.0
5242360341	0.0	0.0	0.0	0.0	0.0	0.0	0.0	0.0	0.0	0.0
5242849168	1407.0	0.0	623.0	241.0	59.0	35.0	0.0	14.0	9.0	2.0
5245080276	0.0	0.0	196.0	528.0	25.0	0.0	0.0	20.0	19.0	5.0
5249312330	64.0	21.0	174.0	19.0	0.0	6.0	5.0	3.0	3.0	0.0
5260456395	0.0	0.0	0.0	0.0	0.0	0.0	0.0	0.0	0.0	0.0
5263758728	142.0	250.0	442.0	577.0	1560.0	3.0	3.0	5.0	2.0	6.0
5264641136	0.0	68.0	2837.0	4751.0	1933.0	0.0	3.0	13.0	20.0	8.0
5269183639	0.0	0.0	171.0	770.0	4134.0	0.0	0.0	2.0	5.0	8.0
5269265791	0.0	0.0	0.0	0.0	12.0	0.0	0.0	0.0	0.0	0.0
5269486200	0.0	0.0	1598.0	3962.0	818.0	0.0	0.0	9.0	16.0	3.0
5270275602	0.0	3124.0	2879.0	5133.0	1594.0	0.0	18.0	10.0	30.0	31.0
5278394717	0.0	0.0	6.0	0.0	0.0	0.0	0.0	0.0	0.0	0.0
5278427062	1585.0	6166.0	8064.0	8996.0	8132.0	21.0	59.0	71.0	48.0	95.0
5297643799	0.0	0.0	0.0	0.0	8284.0	0.0	0.0	0.0	0.0	5.0
5306156534	0.0	10634.0	7545.0	0.0	3087.0	0.0	32.0	66.0	0.0	26.0
5316377831	0.0	0.0	1.0	1.0	0.0	0.0	0.0	0.0	0.0	0.0
5330082337	0.0	0.0	0.0	0.0	4296.0	0.0	0.0	0.0	0.0	4.0
5340823949	81.0	113.0	0.0	0.0	0.0	4.0	2.0	0.0	0.0	0.0
5340919261	88.0	70.0	140.0	0.0	402.0	13.0	14.0	14.0	0.0	20.0
5341561206	0.0	0.0	0.0	0.0	0.0	0.0	0.0	0.0	0.0	0.0
5341832954	5176.0	31364.0	27029.0	24872.0	27701.0	178.0	640.0	244.0	218.0	261.0
5343802312	0.0	0.0	348.0	0.0	1993.0	0.0	0.0	7.0	0.0	2.0
5352788367	0.0	589.0	700.0	650.0	2920.0	0.0	7.0	4.0	3.0	9.0
5362336233	0.0	0.0	23069.0	86613.0	71425.0	0.0	0.0	101.0	401.0	237.0
5365994144	298.0	278.0	982.0	136.0	315.0	12.0	13.0	25.0	8.0	9.0
5385725310	0.0	49.0	34.0	0.0	0.0	0.0	1.0	1.0	0.0	0.0
5388584202	29.0	0.0	481.0	376.0	261.0	5.0	0.0	2.0	2.0	2.0
5426460093	0.0	1053.0	11247.0	8848.0	11258.0	0.0	48.0	44.0	37.0	44.0
5427040431	0.0	75.0	0.0	269.0	311.0	0.0	1.0	0.0	1.0	1.0
5448480859	1142.0	3588.0	8485.0	8561.0	8343.0	16.0	21.0	49.0	47.0	49.0
5450093472	0.0	0.0	821.0	335.0	2648.0	0.0	0.0	5.0	3.0	5.0
5452174546	7.0	15.0	16.0	0.0	1.0	1.0	2.0	2.0	0.0	0.0
5455490563	615.0	355.0	308.0	699.0	996.0	14.0	9.0	15.0	22.0	23.0
5466029816	0.0	4217.0	2192.0	3005.0	2267.0	0.0	14.0	18.0	19.0	22.0
5466592990	4769.0	33707.0	8687.0	1468.0	12809.0	145.0	156.0	39.0	20.0	48.0
5468891022	0.0	0.0	1213.0	2203.0	1363.0	0.0	0.0	5.0	5.0	5.0
5471196873	0.0	0.0	0.0	0.0	1.0	0.0	0.0	0.0	0.0	1.0
5487426270	0.0	25081.0	28976.0	63308.0	53963.0	0.0	678.0	176.0	337.0	159.0
5490326028	0.0	0.0	13351.0	141855.0	116722.0	0.0	0.0	1113.0	2677.0	3765.0
5490641722	440.0	1061.0	654.0	603.0	407.0	12.0	24.0	20.0	16.0	11.0
5498841630	0.0	0.0	1617.0	803.0	0.0	0.0	0.0	6.0	4.0	0.0
5510622529	1894.0	3740.0	3554.0	2899.0	2021.0	44.0	30.0	23.0	21.0	12.0
5512922997	0.0	6746.0	20593.0	67058.0	33879.0	0.0	116.0	129.0	361.0	92.0
5518629816	0.0	0.0	0.0	1743.0	7945.0	0.0	0.0	0.0	73.0	119.0
5530920153	0.0	62.0	0.0	3015.0	3273.0	0.0	1.0	0.0	10.0	11.0
5540466595	0.0	0.0	515.0	0.0	16060.0	0.0	0.0	13.0	0.0	20.0
5540681648	1843.0	2407.0	502.0	364.0	1555.0	8.0	18.0	10.0	4.0	8.0
5541345550	0.0	15.0	96.0	607.0	2357.0	0.0	0.0	3.0	6.0	4.0
5541613374	265.0	0.0	0.0	167.0	84.0	8.0	0.0	0.0	2.0	2.0
5545165107	0.0	0.0	0.0	0.0	4448.0	0.0	0.0	0.0	0.0	6.0
5556631847	0.0	0.0	2505.0	4399.0	6107.0	0.0	0.0	11.0	18.0	17.0
5556869758	1727.0	2026.0	31291.0	74026.0	14043.0	24.0	61.0	602.0	881.0	293.0
5561157660	0.0	8.0	2.0	0.0	2619.0	0.0	4.0	0.0	0.0	16.0
5562297500	0.0	7573.0	2113.0	244.0	0.0	0.0	44.0	33.0	6.0	0.0
5570345486	164.0	154.0	69.0	6.0	3.0	1.0	3.0	9.0	6.0	3.0
5575084454	287.0	122.0	13.0	0.0	50.0	6.0	6.0	1.0	0.0	2.0
5581363016	12073.0	23899.0	13806.0	4985.0	12997.0	165.0	346.0	157.0	131.0	171.0
5585306684	0.0	0.0	0.0	1909.0	18979.0	0.0	0.0	0.0	20.0	27.0
5586771466	790.0	4175.0	15329.0	10516.0	20656.0	17.0	104.0	289.0	178.0	261.0
5593931611	0.0	142.0	0.0	0.0	277.0	0.0	1.0	0.0	0.0	2.0
5600029229	0.0	0.0	1550.0	5862.0	3380.0	0.0	0.0	16.0	24.0	7.0
5601948311	0.0	0.0	0.0	0.0	13527.0	0.0	0.0	0.0	0.0	16.0
5609949025	5114.0	7430.0	12561.0	19944.0	36946.0	176.0	49.0	78.0	79.0	139.0
5613993790	0.0	0.0	0.0	292.0	1583.0	0.0	0.0	0.0	9.0	17.0
5614453847	1337.0	326.0	3440.0	3070.0	25309.0	3.0	2.0	50.0	63.0	264.0
5616413326	0.0	268.0	3073.0	4462.0	13927.0	0.0	14.0	19.0	21.0	34.0
5621753164	0.0	0.0	0.0	0.0	81.0	0.0	0.0	0.0	0.0	1.0
5647938339	5354.0	5344.0	4744.0	18977.0	1786.0	153.0	89.0	216.0	999.0	99.0
5649244896	0.0	13.0	139.0	159.0	557.0	0.0	0.0	4.0	4.0	8.0
5659237191	88.0	2985.0	2645.0	925.0	1654.0	9.0	13.0	14.0	7.0	7.0
5661505070	0.0	0.0	0.0	0.0	12285.0	0.0	0.0	0.0	0.0	10.0
5661962543	0.0	390.0	4289.0	2043.0	974.0	0.0	10.0	32.0	15.0	9.0
5662555038	0.0	0.0	87.0	296.0	615.0	0.0	0.0	3.0	5.0	8.0
5667272865	0.0	385.0	3262.0	5862.0	3089.0	0.0	23.0	24.0	18.0	12.0
5671310355	0.0	0.0	0.0	728.0	1741.0	0.0	0.0	0.0	73.0	102.0
5672212831	0.0	327.0	2295.0	5219.0	2777.0	0.0	4.0	11.0	22.0	14.0
5672509786	0.0	0.0	39.0	460.0	4853.0	0.0	0.0	4.0	6.0	7.0
5675449379	9572.0	14708.0	27163.0	98882.0	77708.0	330.0	774.0	663.0	989.0	1196.0
5675789231	34.0	259.0	896.0	5237.0	11315.0	1.0	11.0	43.0	349.0	435.0
5683860740	0.0	155.0	0.0	160.0	962.0	0.0	2.0	0.0	2.0	8.0
5685858421	0.0	0.0	201.0	27.0	1581.0	0.0	0.0	1.0	4.0	2.0
5696628760	0.0	627.0	454.0	754.0	645.0	0.0	4.0	6.0	3.0	2.0
5699464819	2746.0	3826.0	1536.0	2413.0	1382.0	61.0	96.0	57.0	67.0	38.0
5701560760	39.0	827.0	571.0	438.0	244.0	1.0	8.0	11.0	11.0	7.0
5705372166	5733.0	2841.0	2264.0	1216.0	581.0	33.0	23.0	24.0	24.0	11.0
5716783177	0.0	0.0	628.0	1835.0	9747.0	0.0	0.0	314.0	131.0	238.0
5717651958	0.0	0.0	0.0	0.0	0.0	0.0	0.0	0.0	0.0	0.0
5727695436	0.0	0.0	17572.0	8050.0	15221.0	0.0	0.0	451.0	278.0	435.0
5729126469	0.0	7580.0	12969.0	9333.0	21381.0	0.0	161.0	270.0	161.0	362.0
5732776759	0.0	1350.0	1175.0	811.0	919.0	0.0	29.0	47.0	25.0	21.0
5734938853	0.0	58.0	0.0	31.0	595.0	0.0	6.0	0.0	4.0	4.0
5735288397	43.0	509.0	253.0	274.0	2329.0	5.0	13.0	5.0	15.0	6.0
5738118995	4473.0	360.0	0.0	22.0	0.0	49.0	36.0	0.0	2.0	0.0
5742251187	490.0	507.0	664.0	417.0	966.0	6.0	6.0	6.0	5.0	9.0
5745465668	0.0	33.0	371.0	2860.0	3122.0	0.0	4.0	10.0	16.0	13.0
5745465714	329.0	933.0	479.0	330.0	1139.0	8.0	12.0	11.0	5.0	31.0
5745465746	895.0	942.0	230.0	79.0	11.0	18.0	16.0	8.0	10.0	11.0
5745465801	0.0	0.0	0.0	934.0	1111.0	0.0	0.0	0.0	28.0	1.0
5745465809	0.0	0.0	0.0	0.0	7.0	0.0	0.0	0.0	0.0	1.0
5745465818	0.0	13.0	100.0	26.0	28.0	0.0	4.0	25.0	13.0	1.0
5747171145	0.0	0.0	32.0	11.0	123.0	0.0	0.0	4.0	4.0	12.0
5747171149	211.0	33.0	2944.0	1139.0	384.0	11.0	3.0	14.0	7.0	2.0
5747171211	1.0	271.0	360.0	76.0	153.0	0.0	4.0	3.0	1.0	1.0
5747171241	325.0	1367.0	3017.0	1144.0	636.0	16.0	17.0	14.0	12.0	6.0
5747171292	0.0	2.0	61.0	78.0	107.0	0.0	0.0	30.0	78.0	6.0
5751573414	0.0	0.0	417.0	2395.0	46634.0	0.0	0.0	21.0	171.0	71.0
5756467581	0.0	33.0	0.0	129.0	114.0	0.0	3.0	0.0	4.0	8.0
5761843184	0.0	0.0	0.0	27340.0	62432.0	0.0	0.0	0.0	118.0	126.0
5763577473	169.0	90.0	1202.0	1641.0	1285.0	17.0	9.0	15.0	13.0	24.0
5780974966	352.0	476.0	2965.0	2890.0	3019.0	21.0	60.0	270.0	161.0	84.0
5785510365	0.0	0.0	0.0	0.0	3496.0	0.0	0.0	0.0	0.0	79.0
5785689035	0.0	139.0	1194.0	1998.0	1081.0	0.0	1.0	9.0	15.0	14.0
5792617656	108.0	141.0	79.0	30.0	119.0	2.0	5.0	4.0	3.0	6.0
5792803077	0.0	0.0	0.0	0.0	556.0	0.0	0.0	0.0	0.0	1.0
5795011847	0.0	0.0	97.0	14.0	606.0	0.0	0.0	1.0	1.0	5.0
5802853796	0.0	0.0	0.0	217.0	4120.0	0.0	0.0	0.0	16.0	6.0
5810945254	0.0	0.0	201.0	51.0	218.0	0.0	0.0	2.0	2.0	3.0
5812136799	0.0	0.0	0.0	0.0	7714.0	0.0	0.0	0.0	0.0	8.0
5815357128	0.0	43.0	41.0	0.0	432.0	0.0	1.0	0.0	0.0	1.0
5820997239	0.0	0.0	5.0	29.0	8.0	0.0	0.0	1.0	4.0	3.0
5833583486	12588.0	52784.0	61390.0	35682.0	47064.0	466.0	1955.0	2669.0	2099.0	1384.0
5853565016	0.0	3788.0	6692.0	1181.0	3094.0	0.0	66.0	51.0	21.0	57.0
5860114965	0.0	2.0	17.0	52.0	0.0	0.0	0.0	0.0	0.0	0.0
5860115721	0.0	61.0	1316.0	3022.0	3682.0	0.0	2.0	9.0	21.0	25.0
5860115918	0.0	52.0	168.0	327.0	408.0	0.0	0.0	2.0	6.0	6.0
5860465636	0.0	139.0	583.0	247.0	117.0	0.0	1.0	13.0	3.0	3.0
5860465812	0.0	55.0	287.0	507.0	532.0	0.0	0.0	4.0	7.0	5.0
5865799720	0.0	0.0	0.0	0.0	0.0	0.0	0.0	0.0	0.0	0.0
5868150992	0.0	1363.0	5546.0	21787.0	22056.0	0.0	136.0	213.0	346.0	227.0
5869731230	0.0	0.0	6998.0	3658.0	69.0	0.0	0.0	46.0	29.0	14.0
5871697862	0.0	0.0	0.0	7071.0	92552.0	0.0	0.0	0.0	236.0	529.0
5871882880	0.0	0.0	5797.0	623.0	928.0	0.0	0.0	48.0	25.0	309.0
5871915911	0.0	27.0	945.0	841.0	361.0	0.0	3.0	10.0	11.0	5.0
5872605952	0.0	0.0	0.0	5724.0	10512.0	0.0	0.0	0.0	83.0	138.0
5874421195	0.0	0.0	0.0	2997.0	3780.0	0.0	0.0	0.0	428.0	69.0
5879823459	0.0	0.0	0.0	4460.0	56819.0	0.0	0.0	0.0	319.0	668.0
5880895746	0.0	1846.0	761.0	387.0	336.0	0.0	21.0	14.0	13.0	17.0
5886225740	0.0	0.0	0.0	0.0	4830.0	0.0	0.0	0.0	0.0	3.0
5886288469	0.0	0.0	0.0	0.0	4374.0	0.0	0.0	0.0	0.0	3.0
5886624365	0.0	0.0	0.0	5999.0	10014.0	0.0	0.0	0.0	333.0	371.0
5890114486	0.0	0.0	0.0	0.0	0.0	0.0	0.0	0.0	0.0	0.0
5896616568	0.0	1616.0	48172.0	16695.0	21708.0	0.0	231.0	463.0	398.0	388.0
5897718391	0.0	0.0	525.0	2501.0	1808.0	0.0	0.0	2.0	11.0	15.0
5897948226	0.0	0.0	0.0	0.0	3033.0	0.0	0.0	0.0	0.0	2.0
5897998899	0.0	0.0	0.0	0.0	0.0	0.0	0.0	0.0	0.0	0.0
5907262772	0.0	0.0	0.0	0.0	10024.0	0.0	0.0	0.0	0.0	8.0
5907511965	0.0	18.0	0.0	2205.0	7.0	0.0	0.0	0.0	48.0	0.0
5913360362	0.0	0.0	0.0	20.0	16.0	0.0	0.0	0.0	1.0	1.0
5917086703	0.0	0.0	0.0	16.0	134.0	0.0	0.0	0.0	0.0	1.0
5922754405	0.0	0.0	0.0	0.0	20137.0	0.0	0.0	0.0	0.0	11.0
5934050272	0.0	0.0	0.0	1152.0	1469.0	0.0	0.0	0.0	13.0	14.0
5940597074	0.0	0.0	0.0	4907.0	101778.0	0.0	0.0	0.0	491.0	280.0
5948336939	0.0	0.0	8240.0	6131.0	6554.0	0.0	0.0	59.0	44.0	56.0
5955516943	0.0	0.0	364.0	12130.0	1562.0	0.0	0.0	18.0	112.0	16.0
5976647137	0.0	0.0	0.0	0.0	0.0	0.0	0.0	0.0	0.0	0.0
5981859607	0.0	0.0	45.0	39.0	243.0	0.0	0.0	6.0	2.0	14.0
5985174762	0.0	0.0	0.0	961.0	9.0	0.0	0.0	0.0	320.0	2.0
5991771342	0.0	0.0	0.0	3794.0	27976.0	0.0	0.0	0.0	345.0	354.0
5992567630	0.0	0.0	0.0	0.0	0.0	0.0	0.0	0.0	0.0	0.0
5994028437	0.0	0.0	0.0	0.0	0.0	0.0	0.0	0.0	0.0	0.0
5997529482	0.0	0.0	0.0	0.0	4408.0	0.0	0.0	0.0	0.0	157.0
6000046158	0.0	0.0	2413.0	4152.0	3658.0	0.0	0.0	603.0	692.0	366.0
6002179201	0.0	0.0	0.0	0.0	0.0	0.0	0.0	0.0	0.0	0.0
6002839365	0.0	0.0	0.0	7.0	16.0	0.0	0.0	0.0	2.0	0.0
6006394101	0.0	0.0	0.0	0.0	221.0	0.0	0.0	0.0	0.0	221.0
6008648596	0.0	0.0	0.0	25.0	80.0	0.0	0.0	0.0	2.0	0.0
6011366089	0.0	0.0	0.0	0.0	20.0	0.0	0.0	0.0	0.0	1.0
6012171411	0.0	0.0	0.0	0.0	0.0	0.0	0.0	0.0	0.0	0.0
6012224021	0.0	0.0	0.0	0.0	5229.0	0.0	0.0	0.0	0.0	3.0
6012801927	0.0	0.0	0.0	65.0	0.0	0.0	0.0	0.0	1.0	0.0
6025707566	0.0	0.0	0.0	0.0	3.0	0.0	0.0	0.0	0.0	0.0
6043658718	0.0	0.0	0.0	5.0	467.0	0.0	0.0	0.0	0.0	5.0
6044380859	0.0	0.0	0.0	0.0	4.0	0.0	0.0	0.0	0.0	0.0
6064226600	0.0	0.0	0.0	0.0	29.0	0.0	0.0	0.0	0.0	2.0
6085778395	0.0	0.0	0.0	0.0	184.0	0.0	0.0	0.0	0.0	2.0
6100366381	0.0	0.0	0.0	0.0	5.0	0.0	0.0	0.0	0.0	0.0
6128706745	0.0	0.0	0.0	0.0	2.0	0.0	0.0	0.0	0.0	0.0
6144363209	0.0	0.0	0.0	0.0	62.0	0.0	0.0	0.0	0.0	16.0
1147703514	2.0	3.0	7.0	2.0	18.0	0.0	0.0	0.0	0.0	0.0
1759950835	0.0	0.0	0.0	0.0	0.0	0.0	0.0	0.0	0.0	0.0
1017146245	0.0	4.0	1.0	0.0	0.0	0.0	1.0	0.0	0.0	0.0
1036701494	6695.0	8812.0	7914.0	12358.0	11264.0	172.0	215.0	203.0	475.0	304.0
1075376185	3810.0	16.0	7903.0	0.0	11963.0	238.0	2.0	203.0	0.0	413.0
1149123383	185.0	163.0	252.0	65.0	26.0	9.0	13.0	14.0	11.0	6.0
1164589025	351.0	6198.0	14155.0	0.0	16895.0	3.0	65.0	89.0	0.0	126.0
1179630143	16.0	0.0	0.0	0.0	0.0	2.0	0.0	0.0	0.0	0.0
1199769167	1671.0	425.0	3961.0	0.0	1972.0	60.0	17.0	94.0	0.0	37.0
1212208092	818.0	931.0	3812.0	0.0	1481.0	82.0	103.0	127.0	0.0	148.0
1216431741	0.0	0.0	0.0	13113.0	44014.0	0.0	0.0	0.0	85.0	68.0
1218639357	8167.0	18345.0	13116.0	21032.0	33844.0	204.0	135.0	143.0	210.0	198.0
1219957677	46.0	234.0	58.0	34.0	333.0	5.0	15.0	8.0	2.0	6.0
1221407170	0.0	0.0	0.0	22.0	0.0	0.0	0.0	0.0	1.0	0.0
1225574955	158.0	128.0	317.0	109.0	112.0	5.0	6.0	16.0	4.0	3.0
1241909502	480.0	668.0	662.0	890.0	794.0	9.0	8.0	9.0	11.0	8.0
1242563970	108.0	229.0	0.0	205.0	268.0	2.0	1.0	0.0	3.0	2.0
1243602293	0.0	0.0	0.0	0.0	0.0	0.0	0.0	0.0	0.0	0.0
1246529447	909.0	2535.0	705.0	2127.0	1879.0	70.0	54.0	15.0	52.0	49.0
1251186131	189.0	2018.0	2068.0	422.0	1324.0	5.0	17.0	27.0	11.0	16.0
1253268747	0.0	68.0	163.0	1916.0	455.0	0.0	5.0	2.0	31.0	6.0
1262775115	185.0	231.0	874.0	782.0	1194.0	8.0	6.0	26.0	22.0	33.0
1263478891	352.0	1580.0	1028.0	2161.0	393.0	20.0	40.0	40.0	53.0	21.0
1277426872	66.0	70.0	5.0	0.0	25.0	4.0	5.0	1.0	0.0	2.0
1301913240	1074.0	1751.0	2750.0	315.0	32.0	67.0	103.0	162.0	52.0	1.0
1354290737	292.0	2215.0	3038.0	1452.0	4176.0	7.0	28.0	43.0	36.0	56.0
1363456275	0.0	255.0	930.0	193.0	942.0	0.0	64.0	155.0	193.0	188.0
1398025082	1444.0	832.0	693.0	530.0	169.0	160.0	64.0	58.0	53.0	9.0
1400398511	0.0	164.0	196.0	0.0	687.0	0.0	1.0	1.0	0.0	4.0
1401538444	0.0	0.0	1.0	0.0	0.0	0.0	0.0	0.0	0.0	0.0
1405823877	0.0	0.0	0.0	0.0	0.0	0.0	0.0	0.0	0.0	0.0
1406603113	162.0	22.0	43.0	29.0	12.0	4.0	1.0	2.0	1.0	0.0
1414132123	614.0	3242.0	2980.0	20.0	8610.0	88.0	249.0	149.0	2.0	227.0
1426983034	0.0	290.0	2388.0	2389.0	2391.0	0.0	8.0	9.0	10.0	7.0
1440996140	7.0	0.0	9.0	0.0	53.0	4.0	0.0	9.0	0.0	26.0
1446001560	42.0	2896.0	1069.0	4813.0	3606.0	4.0	103.0	107.0	127.0	68.0
1465827625	0.0	0.0	5.0	0.0	0.0	0.0	0.0	5.0	0.0	0.0
1478282890	0.0	0.0	1058.0	1221.0	8105.0	0.0	0.0	31.0	41.0	111.0
1496959004	1411.0	594.0	2224.0	1382.0	374.0	31.0	11.0	31.0	21.0	9.0
1528394563	985.0	483.0	961.0	691.0	2440.0	18.0	24.0	16.0	11.0	26.0
1534936623	4401.0	395.0	2593.0	3844.0	842.0	113.0	30.0	54.0	87.0	20.0
1557392913	395.0	0.0	1060.0	135.0	80.0	40.0	0.0	13.0	1.0	1.0
1573021601	1932.0	3974.0	7409.0	5196.0	15191.0	41.0	51.0	54.0	48.0	114.0
1574520001	269.0	706.0	798.0	777.0	1757.0	10.0	12.0	10.0	11.0	18.0
1580957991	469.0	3097.0	2945.0	1587.0	1850.0	17.0	51.0	82.0	43.0	38.0
1599441204	0.0	0.0	7644.0	7783.0	4231.0	0.0	0.0	273.0	410.0	146.0
1603940827	292.0	1006.0	694.0	1068.0	0.0	27.0	30.0	28.0	32.0	0.0
1606263255	1208.0	1730.0	1026.0	3468.0	1593.0	173.0	62.0	51.0	183.0	66.0
1607806944	1241.0	2082.0	2507.0	3743.0	9532.0	14.0	11.0	21.0	21.0	42.0
1626506953	2515.0	1318.0	4056.0	6544.0	27543.0	252.0	264.0	140.0	126.0	574.0
1629072852	621.0	0.0	59.0	0.0	0.0	28.0	0.0	1.0	0.0	0.0
1639508961	540.0	259.0	771.0	169.0	4.0	22.0	29.0	86.0	34.0	4.0
1642893707	0.0	5329.0	259.0	533.0	148.0	0.0	533.0	52.0	25.0	10.0
1644288455	2.0	5.0	10.0	0.0	1.0	2.0	5.0	3.0	0.0	1.0
1646343160	154.0	459.0	361.0	1360.0	610.0	9.0	14.0	14.0	33.0	18.0
1649211301	1074.0	6569.0	128.0	10441.0	4728.0	40.0	286.0	3.0	348.0	121.0
1658915013	0.0	0.0	41.0	15.0	0.0	0.0	0.0	1.0	1.0	0.0
1665349605	0.0	3395.0	5683.0	3376.0	7558.0	0.0	170.0	93.0	135.0	168.0
1678980455	782.0	2066.0	5691.0	0.0	0.0	78.0	207.0	316.0	0.0	0.0
1685012970	0.0	0.0	17.0	30.0	36.0	0.0	0.0	1.0	2.0	2.0
1686001015	202.0	2587.0	5088.0	0.0	4691.0	18.0	83.0	175.0	0.0	168.0
1686823655	1159.0	111.0	1553.0	756.0	4321.0	116.0	7.0	50.0	94.0	144.0
1688801713	0.0	0.0	699.0	525.0	1285.0	0.0	0.0	50.0	16.0	56.0
1707256875	0.0	4797.0	1771.0	140.0	2090.0	0.0	178.0	57.0	16.0	72.0
1719139713	880.0	1131.0	1960.0	2815.0	2232.0	28.0	40.0	45.0	65.0	42.0
1727330020	813.0	1191.0	7998.0	0.0	8184.0	81.0	22.0	107.0	0.0	102.0
1732734883	22.0	30.0	0.0	60.0	16.0	3.0	3.0	0.0	3.0	1.0
1735616161	1.0	7.0	4.0	4.0	1.0	1.0	2.0	0.0	2.0	0.0
1736054365	2.0	10.0	26779.0	21.0	28.0	0.0	1.0	432.0	1.0	1.0
1742121542	226962.0	128310.0	164289.0	52187.0	277007.0	1816.0	979.0	1074.0	439.0	1659.0
1744257311	0.0	0.0	0.0	240.0	908.0	0.0	0.0	0.0	6.0	1.0
1745271495	0.0	0.0	0.0	0.0	0.0	0.0	0.0	0.0	0.0	0.0
1745813791	427.0	87.0	12.0	4.0	3.0	10.0	4.0	2.0	4.0	0.0
1750356705	514.0	2691.0	2972.0	713.0	4663.0	43.0	69.0	93.0	17.0	137.0
1750762053	436.0	87.0	806.0	1568.0	1249.0	44.0	11.0	32.0	48.0	45.0
1758895582	717.0	1557.0	2963.0	6444.0	21306.0	72.0	195.0	185.0	201.0	338.0
1763716750	0.0	0.0	6.0	16.0	91.0	0.0	0.0	1.0	8.0	6.0
1766362445	0.0	0.0	0.0	1.0	0.0	0.0	0.0	0.0	0.0	0.0
1767702282	102.0	167.0	354.0	689.0	6643.0	34.0	24.0	30.0	77.0	221.0
1770005762	533.0	447.0	1257.0	300.0	828.0	22.0	19.0	55.0	15.0	44.0
1774041753	1522.0	15107.0	904.0	34.0	3815.0	42.0	256.0	20.0	1.0	136.0
1778166353	0.0	0.0	1.0	0.0	0.0	0.0	0.0	0.0	0.0	0.0
1781457032	3159.0	2299.0	19553.0	4241.0	13483.0	113.0	96.0	391.0	236.0	337.0
1783681865	4683.0	9883.0	5977.0	10481.0	0.0	77.0	186.0	111.0	318.0	0.0
1788940134	0.0	1613.0	10291.0	230.0	7323.0	0.0	81.0	151.0	4.0	318.0
1792277377	0.0	0.0	0.0	107.0	35.0	0.0	0.0	0.0	36.0	0.0
1795617563	885.0	11368.0	6022.0	6137.0	12260.0	111.0	406.0	317.0	558.0	323.0
1798050592	0.0	0.0	53.0	1066.0	4620.0	0.0	0.0	26.0	24.0	27.0
1802581135	2347.0	1003.0	6526.0	3325.0	5928.0	73.0	20.0	272.0	60.0	97.0
1804416382	0.0	0.0	933.0	0.0	0.0	0.0	0.0	31.0	0.0	0.0
1805406782	26398.0	24057.0	11268.0	7433.0	19728.0	733.0	422.0	352.0	496.0	548.0
1815145485	3208.0	7158.0	3588.0	9009.0	4596.0	169.0	156.0	211.0	205.0	100.0
1820662985	25.0	218.0	171.0	2000.0	0.0	4.0	15.0	12.0	167.0	0.0
1821459587	0.0	0.0	0.0	36.0	7.0	0.0	0.0	0.0	2.0	1.0
1828817187	54811.0	8919.0	1839855.0	0.0	0.0	2885.0	372.0	613285.0	0.0	0.0
1829767020	9343.0	4888.0	9291.0	15711.0	10486.0	212.0	100.0	238.0	271.0	233.0
1841021315	225.0	622.0	255.0	162.0	564.0	25.0	44.0	42.0	20.0	40.0
1845725094	4.0	0.0	0.0	0.0	0.0	4.0	0.0	0.0	0.0	0.0
1856904492	4.0	2.0	0.0	2.0	0.0	1.0	1.0	0.0	1.0	0.0
1863424991	3.0	1.0	342.0	132.0	92.0	0.0	0.0	3.0	2.0	1.0
1868120090	11055.0	7533.0	17330.0	34114.0	119414.0	502.0	269.0	315.0	363.0	413.0
1881036261	77.0	11862.0	11001.0	3688.0	12464.0	15.0	154.0	177.0	55.0	208.0
1891935794	0.0	0.0	0.0	0.0	0.0	0.0	0.0	0.0	0.0	0.0
1895944731	0.0	0.0	23314.0	18830.0	0.0	0.0	0.0	94.0	69.0	0.0
1900433641	0.0	1.0	2.0	0.0	45.0	0.0	0.0	1.0	0.0	22.0
1901943305	0.0	10.0	36.0	0.0	0.0	0.0	10.0	36.0	0.0	0.0
1908390487	7.0	0.0	5.0	0.0	2.0	7.0	0.0	1.0	0.0	0.0
1948641401	982.0	1684.0	1634.0	1997.0	3796.0	25.0	15.0	22.0	29.0	24.0
1975394685	0.0	0.0	0.0	496.0	0.0	0.0	0.0	0.0	8.0	0.0
1988247561	439.0	11171.0	2708.0	80.0	3293.0	26.0	215.0	97.0	2.0	165.0
1988524995	0.0	0.0	0.0	0.0	68.0	0.0	0.0	0.0	0.0	2.0
2028754811	146.0	92.0	6.0	80.0	0.0	9.0	6.0	3.0	8.0	0.0
2041668063	0.0	0.0	0.0	269.0	2168.0	0.0	0.0	0.0	19.0	30.0
2070047164	8497.0	8737.0	19710.0	0.0	6263.0	266.0	324.0	563.0	0.0	190.0
2087942147	9.0	89.0	0.0	0.0	0.0	3.0	30.0	0.0	0.0	0.0
2091390311	0.0	0.0	6972.0	82199.0	113683.0	0.0	0.0	183.0	259.0	332.0
2096267310	0.0	818.0	16598.0	0.0	136.0	0.0	68.0	346.0	0.0	9.0
2112426042	29.0	40.0	59.0	3.0	1830.0	2.0	1.0	2.0	1.0	16.0
2214029370	0.0	0.0	1069.0	3473.0	2047.0	0.0	0.0	178.0	232.0	71.0
2243494133	58.0	0.0	0.0	0.0	0.0	7.0	0.0	0.0	0.0	0.0
2255881441	2073.0	7192.0	9055.0	809.0	499.0	94.0	212.0	323.0	116.0	125.0
2351096732	209.0	519.0	13.0	456.0	249.0	30.0	22.0	1.0	25.0	13.0
2356612802	0.0	1130.0	390.0	0.0	0.0	0.0	161.0	65.0	0.0	0.0
2373931260	872.0	0.0	308.0	351.0	73.0	218.0	0.0	51.0	44.0	18.0
2419747327	1.0	0.0	4.0	0.0	0.0	1.0	0.0	1.0	0.0	0.0
2425203201	0.0	260.0	123.0	92.0	0.0	0.0	32.0	20.0	23.0	0.0
2480059701	0.0	0.0	0.0	32.0	57.0	0.0	0.0	0.0	3.0	2.0
2491474340	18.0	0.0	29.0	1.0	0.0	6.0	0.0	2.0	0.0	0.0
2552721372	0.0	2245.0	3943.0	1882.0	9806.0	0.0	66.0	76.0	134.0	200.0
2648620405	44.0	256.0	96.0	0.0	0.0	2.0	1.0	1.0	0.0	0.0
2663455835	2989.0	1659.0	792.0	3556.0	4403.0	96.0	61.0	26.0	115.0	130.0
2768561720	0.0	0.0	0.0	0.0	0.0	0.0	0.0	0.0	0.0	0.0
2772471805	0.0	108.0	122.0	96.0	64.0	0.0	3.0	3.0	2.0	2.0
2792163900	0.0	6.0	0.0	0.0	0.0	0.0	1.0	0.0	0.0	0.0
2810445594	7933.0	21879.0	21048.0	25576.0	21544.0	397.0	663.0	702.0	853.0	862.0
2828579552	1939.0	7471.0	3971.0	1601.0	9440.0	40.0	75.0	25.0	30.0	124.0
2866869562	10.0	3.0	0.0	0.0	5.0	3.0	0.0	0.0	0.0	0.0
2903316485	4492.0	7179.0	26495.0	7239.0	8390.0	75.0	64.0	98.0	43.0	43.0
2949327571	29520.0	12135.0	4980.0	15633.0	2714.0	383.0	187.0	151.0	274.0	68.0
3123139423	0.0	0.0	0.0	0.0	0.0	0.0	0.0	0.0	0.0	0.0
3192229484	2.0	201.0	84.0	0.0	0.0	0.0	5.0	8.0	0.0	0.0
3226109541	247.0	456.0	240.0	330.0	999.0	9.0	19.0	9.0	18.0	26.0
3621181800	7.0	0.0	0.0	0.0	0.0	2.0	0.0	0.0	0.0	0.0
3628368925	0.0	0.0	0.0	53.0	554.0	0.0	0.0	0.0	1.0	2.0
3945917804	0.0	0.0	4417.0	6084.0	20522.0	0.0	0.0	75.0	59.0	30.0
3946154755	0.0	1165.0	5151.0	10452.0	22870.0	0.0	18.0	44.0	38.0	61.0
5203395492	0.0	0.0	0.0	0.0	1.0	0.0	0.0	0.0	0.0	0.0
5251237195	107.0	194.0	142.0	135.0	329.0	11.0	6.0	5.0	4.0	9.0
5385519765	0.0	0.0	0.0	0.0	0.0	0.0	0.0	0.0	0.0	0.0
5394437071	574.0	788.0	420.0	577.0	471.0	9.0	11.0	9.0	15.0	17.0
5477320351	881.0	10603.0	14830.0	49659.0	47399.0	88.0	93.0	143.0	141.0	160.0
5489650843	29.0	0.0	0.0	0.0	0.0	29.0	0.0	0.0	0.0	0.0
5545500611	6.0	24.0	1.0	0.0	19.0	1.0	5.0	0.0	0.0	1.0
5628495345	288.0	58996.0	17000.0	16453.0	15634.0	8.0	428.0	96.0	150.0	67.0
5666611316	0.0	0.0	0.0	0.0	0.0	0.0	0.0	0.0	0.0	0.0
5669302379	47.0	4.0	0.0	17.0	42.0	8.0	4.0	0.0	6.0	6.0
5751949769	0.0	0.0	0.0	781.0	9532.0	0.0	0.0	0.0	5.0	15.0
5884263636	0.0	0.0	0.0	0.0	330.0	0.0	0.0	0.0	0.0	1.0
5990978953	0.0	0.0	4.0	0.0	0.0	0.0	0.0	0.0	0.0	0.0
6034165476	0.0	0.0	0.0	0.0	2.0	0.0	0.0	0.0	0.0	0.0
6069858822	0.0	0.0	0.0	0.0	20.0	0.0	0.0	0.0	0.0	0.0
6085757710	0.0	0.0	0.0	0.0	0.0	0.0	0.0	0.0	0.0	0.0
6086152985	0.0	0.0	0.0	0.0	78.0	0.0	0.0	0.0	0.0	1.0
