user_id	tot_5	tot_4	tot_3	tot_2	tot_1	avg5	avg4	avg3	avg2	avg1
1002326754	0.0	0.0	0.0	0.0	280.0	0.0	0.0	0.0	0.0	1.0
1004853823	0.0	0.0	609.0	3173.0	2234.0	0.0	0.0	6.0	14.0	5.0
1005570772	11743.0	7427.0	2999.0	103526.0	101159.0	691.0	619.0	333.0	355.0	266.0
1006205227	0.0	99.0	922.0	793.0	2068.0	0.0	3.0	9.0	4.0	4.0
1011269330	0.0	4957.0	8202.0	7034.0	3022.0	0.0	165.0	93.0	213.0	66.0
1013011303	24836.0	44959.0	30122.0	3435.0	10947.0	261.0	257.0	548.0	64.0	342.0
1027145634	662.0	0.0	87.0	2592.0	0.0	60.0	0.0	17.0	185.0	0.0
1054009064	2474.0	3787.0	1947.0	9328.0	103873.0	69.0	165.0	43.0	491.0	3351.0
1054096047	432.0	6556.0	3634.0	1076.0	3267.0	22.0	107.0	48.0	26.0	37.0
1066995495	59768.0	6117.0	82622.0	2600.0	33839.0	4269.0	680.0	2754.0	186.0	1209.0
1069384980	4641.0	2554.0	2032.0	4627.0	4190.0	221.0	91.0	120.0	96.0	89.0
1083535803	136.0	2156.0	10446.0	24979.0	104418.0	45.0	240.0	402.0	114.0	216.0
1086782701	5496.0	9380.0	13580.0	2620.0	5722.0	220.0	247.0	340.0	125.0	99.0
1098618600	0.0	21020.0	12044.0	14290.0	95776.0	0.0	314.0	156.0	122.0	168.0
1109018731	10.0	0.0	1959.0	448.0	3198.0	2.0	0.0	54.0	56.0	63.0
1109564533	0.0	478.0	0.0	717.0	669.0	0.0	24.0	0.0	20.0	7.0
1132833700	0.0	117.0	312.0	378.0	479.0	0.0	15.0	10.0	13.0	12.0
1133946402	2535.0	1856.0	463.0	1438.0	3494.0	44.0	27.0	6.0	19.0	28.0
1141154105	38.0	38.0	640.0	3.0	80.0	4.0	2.0	36.0	0.0	2.0
1142208455	27918.0	102655.0	72832.0	40068.0	43627.0	303.0	395.0	414.0	368.0	408.0
1143605707	105.0	721.0	0.0	136.0	0.0	2.0	10.0	0.0	1.0	0.0
1149816777	0.0	0.0	0.0	34.0	17.0	0.0	0.0	0.0	2.0	0.0
1159402801	0.0	0.0	876.0	2424.0	2211.0	0.0	0.0	38.0	41.0	31.0
1162860657	0.0	0.0	0.0	8.0	0.0	0.0	0.0	0.0	0.0	0.0
1168716090	382.0	480.0	366.0	460.0	273.0	64.0	48.0	46.0	46.0	23.0
1185441660	0.0	0.0	104.0	172.0	3047.0	0.0	0.0	2.0	3.0	4.0
1191224527	0.0	85.0	39.0	28.0	185.0	0.0	7.0	4.0	3.0	7.0
1211113332	0.0	4449.0	3794.0	1023.0	2542.0	0.0	36.0	33.0	19.0	30.0
1215131765	0.0	867.0	0.0	285.0	499.0	0.0	72.0	0.0	36.0	26.0
1216388157	11626.0	9188.0	1465.0	0.0	296.0	2325.0	1838.0	366.0	0.0	33.0
1218042552	9418.0	39861.0	39755.0	33348.0	3338.0	75.0	152.0	204.0	298.0	278.0
1218957517	390.0	1575.0	1286.0	393.0	900.0	6.0	33.0	33.0	5.0	8.0
1219310523	0.0	123.0	294.0	686.0	625.0	0.0	4.0	3.0	3.0	2.0
1227493664	368.0	1101.0	258.0	1057.0	1752.0	7.0	20.0	13.0	31.0	25.0
1228977142	0.0	1960.0	2546.0	1719.0	3562.0	0.0	40.0	16.0	10.0	15.0
1229448154	141.0	1003.0	247.0	1568.0	213.0	8.0	24.0	11.0	83.0	5.0
1236462225	225.0	3298.0	11334.0	2152.0	2292.0	75.0	194.0	515.0	196.0	191.0
1242290512	0.0	367.0	10199.0	3222.0	4864.0	0.0	73.0	78.0	62.0	48.0
1244062551	0.0	0.0	0.0	0.0	54.0	0.0	0.0	0.0	0.0	1.0
1245360814	0.0	388.0	2304.0	4423.0	9115.0	0.0	13.0	9.0	19.0	30.0
1246557331	3003.0	6695.0	3212.0	2699.0	8591.0	111.0	216.0	169.0	129.0	245.0
1246792191	27359.0	30667.0	15343.0	26396.0	14169.0	977.0	681.0	479.0	587.0	394.0
1250041105	1275.0	1934.0	3091.0	2031.0	1582.0	80.0	67.0	155.0	135.0	79.0
1252397723	27143.0	1670.0	4113.0	26429.0	11398.0	1810.0	239.0	411.0	1888.0	2280.0
1254926960	7482.0	21383.0	10760.0	8973.0	7247.0	53.0	196.0	54.0	50.0	51.0
1256947091	0.0	0.0	197.0	1687.0	3498.0	0.0	0.0	4.0	6.0	7.0
1268642527	448.0	612.0	726.0	7509.0	11593.0	45.0	34.0	35.0	29.0	27.0
1271958597	68.0	87.0	2203.0	4099.0	0.0	8.0	9.0	23.0	22.0	0.0
1276094724	0.0	145.0	568.0	636.0	213.0	0.0	4.0	7.0	5.0	4.0
1280981624	14396.0	23231.0	0.0	0.0	2300.0	335.0	474.0	0.0	0.0	153.0
1283022704	0.0	1379.0	5479.0	5660.0	16590.0	0.0	46.0	62.0	32.0	39.0
1283658605	3205.0	1304.0	980.0	552.0	1296.0	29.0	20.0	12.0	10.0	13.0
1285478591	239.0	52.0	219.0	0.0	790.0	24.0	5.0	5.0	0.0	7.0
1286189071	0.0	228.0	73171.0	16677.0	36504.0	0.0	23.0	269.0	82.0	119.0
1286659964	0.0	711.0	15141.0	53892.0	16492.0	0.0	55.0	72.0	208.0	65.0
1286891293	0.0	0.0	612.0	2885.0	2433.0	0.0	0.0	6.0	9.0	5.0
1288056483	0.0	0.0	0.0	121.0	328.0	0.0	0.0	0.0	4.0	3.0
1290700430	149.0	147.0	315.0	411.0	380.0	6.0	10.0	8.0	14.0	10.0
1291021104	861.0	2344.0	3872.0	3673.0	2319.0	45.0	37.0	48.0	73.0	48.0
1299532580	7964.0	6275.0	11924.0	6656.0	12937.0	169.0	161.0	163.0	171.0	182.0
1301043494	0.0	0.0	0.0	0.0	7.0	0.0	0.0	0.0	0.0	2.0
1301890202	1925.0	2198.0	2540.0	1746.0	10783.0	96.0	110.0	106.0	42.0	102.0
1305807567	1085.0	1282.0	2185.0	3114.0	1783.0	13.0	43.0	55.0	130.0	38.0
1306484861	1156.0	2937.0	1320.0	2593.0	4313.0	30.0	24.0	11.0	16.0	18.0
1326398921	0.0	242.0	17.0	42.0	0.0	0.0	35.0	2.0	5.0	0.0
1339315757	9515.0	1259.0	1038.0	8854.0	663.0	414.0	25.0	20.0	188.0	6.0
1344280113	164.0	2571.0	7019.0	6722.0	10846.0	16.0	30.0	43.0	32.0	50.0
1349541437	0.0	48.0	113.0	145.0	324.0	0.0	2.0	2.0	2.0	1.0
1353509550	21.0	0.0	0.0	3267.0	25640.0	3.0	0.0	0.0	37.0	115.0
1391916660	155.0	0.0	180.0	707.0	568.0	5.0	0.0	3.0	6.0	3.0
1396626753	0.0	505.0	2595.0	389.0	1256.0	0.0	56.0	29.0	9.0	22.0
1400434093	0.0	0.0	0.0	8.0	2195.0	0.0	0.0	0.0	1.0	8.0
1400776392	3719.0	5263.0	6308.0	5592.0	11239.0	155.0	76.0	117.0	71.0	57.0
1400831884	0.0	877.0	982.0	1388.0	2154.0	0.0	28.0	32.0	37.0	22.0
1404214752	1607.0	1358.0	1699.0	517.0	5663.0	54.0	19.0	17.0	14.0	33.0
1404428062	0.0	0.0	15930.0	11363.0	345357.0	0.0	0.0	319.0	392.0	444.0
1405236892	0.0	340.0	303.0	821.0	905.0	0.0	2.0	2.0	5.0	5.0
1407940677	0.0	780.0	411.0	447.0	635.0	0.0	8.0	5.0	7.0	9.0
1411163204	0.0	1996.0	3883.0	23483.0	39364.0	0.0	100.0	97.0	97.0	87.0
1412779214	5556.0	8159.0	9951.0	4674.0	7978.0	67.0	46.0	61.0	46.0	42.0
1412922410	2703.0	3651.0	2661.0	937.0	1926.0	135.0	152.0	380.0	104.0	80.0
1417037145	7532.0	2887.0	8651.0	10870.0	13693.0	301.0	160.0	234.0	175.0	249.0
1418058457	0.0	0.0	0.0	0.0	14417.0	0.0	0.0	0.0	0.0	14.0
1419364883	0.0	3888.0	33015.0	24816.0	17298.0	0.0	75.0	159.0	92.0	75.0
1420174783	20124.0	23013.0	15816.0	30239.0	16026.0	314.0	113.0	95.0	240.0	108.0
1421067881	255.0	0.0	3676.0	1173.0	1869.0	28.0	0.0	368.0	25.0	18.0
1442720613	551.0	4701.0	5313.0	2653.0	4946.0	25.0	30.0	31.0	17.0	28.0
1452415622	0.0	650.0	549.0	22.0	73.0	0.0	15.0	12.0	1.0	2.0
1454064140	9382.0	11973.0	12113.0	11197.0	17171.0	938.0	1197.0	865.0	589.0	390.0
1455039933	716.0	45.0	17.0	256.0	428.0	38.0	4.0	6.0	8.0	10.0
1472934365	0.0	404.0	408.0	0.0	153.0	0.0	12.0	6.0	0.0	2.0
1492602474	397.0	58.0	533.0	57.0	39.0	12.0	2.0	18.0	11.0	2.0
1496825941	0.0	12983.0	11571.0	4114.0	3761.0	0.0	81.0	48.0	40.0	40.0
1496863785	0.0	0.0	634.0	1006.0	8078.0	0.0	0.0	9.0	9.0	14.0
1496878501	1017.0	11204.0	5576.0	4613.0	11888.0	26.0	233.0	81.0	140.0	75.0
1496913734	0.0	0.0	2574.0	4894.0	5783.0	0.0	0.0	31.0	22.0	12.0
1496975384	85.0	12788.0	16019.0	10544.0	6470.0	85.0	200.0	143.0	50.0	62.0
1498124904	144.0	107.0	651.0	10872.0	896.0	7.0	6.0	9.0	86.0	5.0
1506088515	35.0	11635.0	448.0	908.0	585.0	35.0	465.0	30.0	35.0	28.0
1506701434	0.0	0.0	0.0	0.0	18121.0	0.0	0.0	0.0	0.0	21.0
1528274033	6190.0	8876.0	3238.0	1378.0	6543.0	85.0	193.0	93.0	73.0	101.0
1534939700	0.0	1636.0	25065.0	11070.0	19691.0	0.0	40.0	102.0	55.0	83.0
1541940220	0.0	1216.0	415.0	43.0	193.0	0.0	12.0	4.0	3.0	4.0
1547596314	967.0	2864.0	577.0	400.0	449.0	88.0	62.0	16.0	12.0	14.0
1557303822	3770.0	10140.0	1333.0	10036.0	2305.0	86.0	188.0	25.0	228.0	39.0
1558148043	0.0	0.0	0.0	0.0	169964.0	0.0	0.0	0.0	0.0	154.0
1559236912	0.0	7268.0	3983.0	28.0	1698.0	0.0	559.0	266.0	28.0	1698.0
1560021134	14857.0	33487.0	43541.0	40574.0	61574.0	256.0	201.0	298.0	338.0	598.0
1563926367	55675.0	0.0	416773.0	148212.0	37192.0	18558.0	0.0	83355.0	49404.0	18596.0
1568746614	202.0	0.0	7.0	0.0	66.0	34.0	0.0	4.0	0.0	6.0
1575326970	350.0	1527.0	976.0	1572.0	0.0	9.0	7.0	6.0	15.0	0.0
1576284783	3366.0	10316.0	10951.0	5114.0	7112.0	13.0	95.0	196.0	42.0	99.0
1587060020	0.0	6.0	108.0	27.0	2.0	0.0	1.0	2.0	2.0	0.0
1589698103	1997.0	57411.0	10436.0	0.0	36882.0	45.0	323.0	73.0	0.0	165.0
1590956147	3023.0	11400.0	6874.0	13155.0	16438.0	36.0	128.0	88.0	120.0	152.0
1594646223	254.0	1029.0	3127.0	2800.0	1676.0	12.0	33.0	50.0	57.0	27.0
1606370777	20.0	93.0	94.0	0.0	65.0	0.0	1.0	1.0	0.0	1.0
1607812347	4844.0	35074.0	9875.0	6686.0	8770.0	81.0	217.0	70.0	60.0	75.0
1610025682	0.0	0.0	0.0	451.0	714.0	0.0	0.0	0.0	7.0	8.0
1613005690	0.0	0.0	0.0	0.0	1345.0	0.0	0.0	0.0	0.0	6.0
1614747181	0.0	451.0	6156.0	449.0	339.0	0.0	17.0	123.0	7.0	7.0
1616772137	0.0	9220.0	17445.0	12285.0	17773.0	0.0	118.0	117.0	69.0	63.0
1619699251	1196.0	2305.0	114.0	64.0	1053.0	28.0	27.0	6.0	7.0	50.0
1619766521	2748.0	9396.0	8348.0	1128.0	3327.0	211.0	783.0	348.0	94.0	115.0
1621567465	5192.0	2446.0	14568.0	6841.0	6691.0	44.0	21.0	152.0	51.0	37.0
1621894121	1959.0	6727.0	2836.0	2116.0	0.0	43.0	95.0	43.0	37.0	0.0
1622687475	2.0	0.0	0.0	280.0	0.0	0.0	0.0	0.0	2.0	0.0
1622754134	286.0	929.0	162.0	427.0	3734.0	15.0	26.0	11.0	22.0	68.0
1626002531	12476.0	54744.0	29422.0	7740.0	12152.0	219.0	351.0	316.0	155.0	102.0
1626297211	22338.0	43401.0	64793.0	30560.0	57159.0	638.0	775.0	1246.0	764.0	762.0
1634375627	2372.0	4146.0	6846.0	1253.0	10131.0	140.0	86.0	146.0	35.0	281.0
1635279123	0.0	0.0	0.0	0.0	1.0	0.0	0.0	0.0	0.0	0.0
1639132981	2476.0	1303.0	192.0	302.0	1270.0	108.0	77.0	19.0	60.0	21.0
1640766861	20967.0	55853.0	130532.0	131399.0	100236.0	388.0	765.0	1004.0	1263.0	759.0
1642413147	0.0	0.0	0.0	0.0	0.0	0.0	0.0	0.0	0.0	0.0
1642624462	21.0	1756.0	4618.0	903.0	1423.0	2.0	15.0	35.0	7.0	20.0
1644587232	0.0	2325.0	9915.0	16387.0	29513.0	0.0	60.0	61.0	70.0	77.0
1647161640	728.0	1045.0	708.0	169.0	1067.0	38.0	30.0	42.0	28.0	53.0
1647263235	273.0	756.0	0.0	3702.0	3201.0	14.0	19.0	0.0	12.0	16.0
1647415197	3029.0	11965.0	11010.0	13233.0	8193.0	126.0	187.0	175.0	232.0	98.0
1649155730	0.0	181.0	37735.0	3884.0	27717.0	0.0	18.0	401.0	41.0	46.0
1652194081	2816.0	39711.0	3130.0	7199.0	10236.0	57.0	172.0	40.0	77.0	63.0
1652707015	25185.0	38489.0	35258.0	14658.0	21953.0	205.0	453.0	321.0	109.0	293.0
1653957693	0.0	0.0	26343.0	78566.0	154960.0	0.0	0.0	218.0	300.0	367.0
1655370347	1594.0	1172.0	122.0	270.0	319.0	15.0	16.0	8.0	10.0	13.0
1655488792	0.0	0.0	49.0	76.0	194.0	0.0	0.0	2.0	3.0	7.0
1655507255	0.0	0.0	0.0	617.0	2108.0	0.0	0.0	0.0	10.0	15.0
1655524143	0.0	0.0	14541.0	12920.0	69920.0	0.0	0.0	158.0	87.0	113.0
1655665171	3912.0	1825.0	1770.0	544.0	1606.0	301.0	228.0	197.0	181.0	124.0
1657421782	0.0	0.0	0.0	0.0	98345.0	0.0	0.0	0.0	0.0	389.0
1657764041	42.0	3092.0	3117.0	4352.0	4216.0	4.0	45.0	39.0	34.0	26.0
1658537731	0.0	1160.0	797.0	1591.0	2801.0	0.0	9.0	6.0	8.0	11.0
1658895001	3253.0	7358.0	4015.0	1538.0	3516.0	49.0	27.0	16.0	11.0	30.0
1658988854	30.0	460.0	563.0	1652.0	0.0	1.0	3.0	2.0	5.0	0.0
1660815495	0.0	0.0	36178.0	44543.0	138488.0	0.0	0.0	250.0	161.0	473.0
1660956507	0.0	0.0	43098.0	28420.0	26944.0	0.0	0.0	172.0	141.0	96.0
1662475182	256.0	66.0	172.0	275.0	147.0	5.0	3.0	9.0	9.0	2.0
1667918954	0.0	57.0	0.0	75.0	0.0	0.0	0.0	0.0	1.0	0.0
1668368147	772.0	2687.0	2072.0	1118.0	1790.0	18.0	44.0	28.0	21.0	17.0
1669024582	0.0	240.0	102.0	30.0	42.0	0.0	34.0	9.0	10.0	21.0
1670645393	0.0	5227.0	2533.0	1057.0	996.0	0.0	28.0	13.0	6.0	5.0
1671194705	198.0	194.0	50552.0	11946.0	22341.0	50.0	28.0	1330.0	919.0	520.0
1671890613	471.0	1777.0	1939.0	5705.0	20605.0	25.0	19.0	46.0	27.0	44.0
1672418622	17882.0	44885.0	77981.0	57882.0	91557.0	617.0	277.0	443.0	357.0	438.0
1674427277	3164.0	189.0	1354.0	0.0	1660.0	41.0	2.0	15.0	0.0	10.0
1676341525	56268.0	79831.0	36814.0	24869.0	14126.0	227.0	397.0	526.0	327.0	138.0
1677574270	2643.0	1337.0	7575.0	4205.0	4411.0	22.0	13.0	47.0	17.0	24.0
1678613514	166.0	1220.0	2147.0	1321.0	163.0	11.0	53.0	49.0	24.0	5.0
1679113281	1322.0	7057.0	5615.0	7660.0	2048.0	22.0	47.0	32.0	38.0	17.0
1680599832	0.0	0.0	6677.0	16445.0	30904.0	0.0	0.0	60.0	67.0	69.0
1682454721	1780.0	13929.0	5634.0	1443.0	48027.0	61.0	663.0	144.0	111.0	961.0
1683010871	0.0	0.0	0.0	0.0	78680.0	0.0	0.0	0.0	0.0	94.0
1684388950	9800.0	0.0	4248.0	0.0	0.0	392.0	0.0	250.0	0.0	0.0
1684836114	0.0	0.0	0.0	6.0	2297.0	0.0	0.0	0.0	0.0	4.0
1685188223	1017.0	7938.0	17068.0	7684.0	28859.0	113.0	130.0	208.0	100.0	307.0
1686815607	0.0	0.0	4432.0	2126.0	142005.0	0.0	0.0	233.0	213.0	167.0
1687442081	18524.0	19209.0	9179.0	7058.0	18728.0	185.0	126.0	87.0	147.0	150.0
1687486981	12251.0	3727.0	8832.0	4808.0	10329.0	100.0	42.0	55.0	49.0	44.0
1687505121	263.0	966.0	367.0	561.0	139.0	3.0	10.0	5.0	9.0	2.0
1688537010	10212.0	9139.0	1827.0	983.0	0.0	33.0	29.0	63.0	492.0	0.0
1691380954	4320.0	8859.0	14974.0	18363.0	13489.0	60.0	53.0	54.0	61.0	58.0
1694870611	0.0	0.0	0.0	0.0	3.0	0.0	0.0	0.0	0.0	0.0
1695958733	4659.0	44622.0	28847.0	67581.0	86294.0	291.0	314.0	203.0	466.0	421.0
1698255955	19.0	0.0	501.0	183.0	777.0	2.0	0.0	26.0	23.0	29.0
1700651435	0.0	15.0	211.0	439.0	194.0	0.0	4.0	9.0	6.0	2.0
1703827633	0.0	0.0	0.0	0.0	739.0	0.0	0.0	0.0	0.0	370.0
1703924001	0.0	2199.0	11052.0	20113.0	4178.0	0.0	29.0	64.0	178.0	119.0
1707427294	329.0	5399.0	8986.0	885.0	1192.0	7.0	14.0	63.0	19.0	20.0
1711646255	0.0	71.0	126.0	6179.0	332.0	0.0	3.0	2.0	13.0	2.0
1713066300	6245.0	24734.0	9303.0	1282.0	909.0	75.0	63.0	59.0	43.0	35.0
1714810430	0.0	0.0	18233.0	322.0	199924.0	0.0	0.0	570.0	161.0	244.0
1717421891	2077.0	604.0	4790.0	2039.0	676.0	42.0	4.0	63.0	19.0	5.0
1717871843	3008.0	14320.0	2095.0	7635.0	13097.0	22.0	67.0	16.0	68.0	70.0
1718328651	385.0	533.0	416.0	147.0	675.0	38.0	20.0	18.0	9.0	19.0
1718836754	0.0	0.0	0.0	96.0	106.0	0.0	0.0	0.0	8.0	6.0
1720133422	186.0	33666.0	5514.0	9937.0	39246.0	37.0	1464.0	689.0	552.0	1154.0
1721449743	0.0	0.0	11247.0	24320.0	29865.0	0.0	0.0	70.0	114.0	89.0
1721825977	0.0	0.0	0.0	1278.0	0.0	0.0	0.0	0.0	1278.0	0.0
1723559567	0.0	0.0	309.0	0.0	49145.0	0.0	0.0	31.0	0.0	56.0
1725116507	18.0	10.0	25.0	64.0	3.0	1.0	2.0	3.0	32.0	1.0
1726998993	0.0	0.0	0.0	0.0	5738.0	0.0	0.0	0.0	0.0	22.0
1727006174	56308.0	30008.0	22876.0	5222.0	23803.0	840.0	1072.0	1204.0	249.0	366.0
1728085193	21887.0	0.0	23226.0	20772.0	12983.0	1459.0	0.0	1290.0	1298.0	302.0
1729012204	0.0	0.0	17137.0	55051.0	61709.0	0.0	0.0	188.0	334.0	327.0
1729908110	82.0	12197.0	14041.0	12545.0	8380.0	41.0	104.0	67.0	69.0	37.0
1730714982	0.0	0.0	3354.0	12291.0	60800.0	0.0	0.0	76.0	72.0	115.0
1732475425	0.0	0.0	0.0	0.0	17.0	0.0	0.0	0.0	0.0	2.0
1732756857	2389.0	41.0	2523.0	2735.0	4610.0	126.0	41.0	65.0	65.0	118.0
1733443650	0.0	46.0	243.0	762.0	2075.0	0.0	1.0	5.0	4.0	4.0
1733672487	4216.0	0.0	3447.0	5484.0	0.0	98.0	0.0	84.0	65.0	0.0
1733770795	433.0	4871.0	12973.0	17532.0	7604.0	22.0	101.0	53.0	63.0	43.0
1737847545	1493.0	8675.0	3741.0	5000.0	6651.0	35.0	49.0	22.0	30.0	28.0
1738041392	0.0	93452.0	135395.0	91850.0	68935.0	0.0	494.0	1198.0	621.0	281.0
1738283175	2625.0	2043.0	614.0	726.0	0.0	18.0	17.0	15.0	13.0	0.0
1739037923	3.0	218.0	1659.0	169.0	2546.0	0.0	22.0	22.0	7.0	35.0
1739049744	823.0	938.0	721.0	2291.0	2945.0	23.0	17.0	29.0	49.0	55.0
1742693175	37285.0	5778.0	7381.0	5237.0	9021.0	746.0	41.0	52.0	65.0	81.0
1742703365	1246.0	6655.0	7364.0	13571.0	4146.0	20.0	162.0	132.0	251.0	48.0
1742942263	0.0	1488.0	1022.0	1442.0	3890.0	0.0	17.0	12.0	17.0	27.0
1743140002	0.0	0.0	899.0	1591.0	2094.0	0.0	0.0	100.0	106.0	116.0
1743527427	34.0	163.0	64.0	221.0	188.0	4.0	5.0	6.0	7.0	6.0
1743734335	0.0	1.0	0.0	0.0	1.0	0.0	0.0	0.0	0.0	0.0
1744093477	0.0	0.0	410.0	1698.0	2670.0	0.0	0.0	4.0	9.0	5.0
1744691061	216.0	0.0	0.0	0.0	0.0	1.0	0.0	0.0	0.0	0.0
1745573472	1195.0	4939.0	2564.0	6202.0	5183.0	46.0	133.0	34.0	80.0	58.0
1745746033	5076.0	17105.0	21047.0	11720.0	25368.0	203.0	263.0	468.0	355.0	379.0
1747790171	11845.0	11893.0	102588.0	47486.0	37672.0	174.0	134.0	401.0	310.0	203.0
1748631042	1296.0	1846.0	6710.0	0.0	195.0	10.0	40.0	231.0	0.0	6.0
1748852693	47909.0	24321.0	54012.0	21610.0	102189.0	3422.0	640.0	1543.0	480.0	1246.0
1749205637	1327.0	16584.0	27914.0	19929.0	32185.0	166.0	159.0	167.0	126.0	117.0
1749254813	532.0	1211.0	1361.0	444.0	367.0	177.0	202.0	59.0	74.0	37.0
1750016637	8317.0	19779.0	29107.0	13979.0	12391.0	114.0	108.0	161.0	124.0	80.0
1750270991	3956.0	17677.0	15117.0	6553.0	18706.0	75.0	150.0	91.0	36.0	64.0
1750529573	0.0	890.0	416.0	1136.0	1194.0	0.0	6.0	3.0	5.0	3.0
1750796960	0.0	0.0	0.0	0.0	138629.0	0.0	0.0	0.0	0.0	166.0
1752162633	0.0	0.0	4664.0	1287.0	24598.0	0.0	0.0	83.0	28.0	37.0
1752202132	1308.0	2896.0	4409.0	109394.0	996.0	262.0	16.0	27.0	1189.0	7.0
1756667731	4036.0	44077.0	82690.0	107376.0	137444.0	404.0	474.0	465.0	463.0	575.0
1756807885	0.0	0.0	0.0	0.0	125702.0	0.0	0.0	0.0	0.0	159.0
1758476561	0.0	6550.0	19744.0	23334.0	24137.0	0.0	95.0	131.0	93.0	98.0
1758486721	0.0	4732.0	2603.0	2868.0	2137.0	0.0	110.0	53.0	19.0	28.0
1760672962	0.0	0.0	4935.0	1193.0	1049.0	0.0	0.0	329.0	40.0	16.0
1761326072	32.0	10.0	92.0	302.0	252.0	2.0	1.0	2.0	5.0	6.0
1762211555	0.0	2073.0	1092.0	8922.0	966.0	0.0	138.0	61.0	406.0	42.0
1762696131	0.0	5164.0	8702.0	12025.0	20026.0	0.0	62.0	51.0	57.0	82.0
1763493560	0.0	0.0	32.0	0.0	3188.0	0.0	0.0	3.0	0.0	4.0
1764226841	0.0	0.0	1137.0	4977.0	90.0	0.0	0.0	34.0	47.0	45.0
1764591442	0.0	495.0	4379.0	4609.0	1782.0	0.0	16.0	33.0	40.0	12.0
1764822552	130.0	1250.0	1115.0	1862.0	738.0	11.0	30.0	51.0	52.0	9.0
1766499067	0.0	0.0	0.0	0.0	0.0	0.0	0.0	0.0	0.0	0.0
1767899742	0.0	0.0	112.0	609.0	387.0	0.0	0.0	1.0	2.0	1.0
1768227670	4446.0	971.0	13838.0	6253.0	31808.0	222.0	97.0	461.0	77.0	259.0
1770818961	0.0	0.0	0.0	1501.0	26921.0	0.0	0.0	0.0	35.0	59.0
1771295435	9104.0	13010.0	28091.0	31684.0	43461.0	154.0	482.0	446.0	609.0	966.0
1771841343	9906.0	15246.0	26253.0	23365.0	176.0	268.0	363.0	1193.0	1230.0	16.0
1772440677	229.0	1556.0	1961.0	3726.0	2293.0	13.0	16.0	14.0	23.0	8.0
1773129131	321.0	145.0	31.0	111.0	30.0	12.0	9.0	16.0	12.0	2.0
1773967712	0.0	7.0	249.0	696.0	946.0	0.0	7.0	2.0	3.0	2.0
1774139105	297.0	1068.0	2060.0	198.0	589.0	10.0	9.0	14.0	2.0	4.0
1774168531	0.0	0.0	35539.0	12283.0	217457.0	0.0	0.0	249.0	286.0	297.0
1774501890	0.0	83.0	994.0	3353.0	4069.0	0.0	4.0	10.0	13.0	10.0
1774676624	0.0	0.0	11131.0	15404.0	42684.0	0.0	0.0	81.0	103.0	101.0
1774698101	8857.0	38782.0	51054.0	37471.0	39026.0	227.0	296.0	270.0	185.0	238.0
1774860981	0.0	1867.0	10242.0	12133.0	29477.0	0.0	93.0	81.0	53.0	72.0
1775019491	0.0	0.0	13182.0	21004.0	68200.0	0.0	0.0	137.0	108.0	137.0
1775979645	0.0	0.0	0.0	3100.0	59290.0	0.0	0.0	0.0	221.0	66.0
1776099801	0.0	0.0	0.0	460.0	0.0	0.0	0.0	0.0	4.0	0.0
1776173037	721.0	309.0	0.0	0.0	799.0	80.0	52.0	0.0	0.0	80.0
1776266241	0.0	0.0	0.0	0.0	143983.0	0.0	0.0	0.0	0.0	205.0
1776707927	0.0	0.0	0.0	6.0	0.0	0.0	0.0	0.0	3.0	0.0
1776788973	0.0	0.0	853.0	5109.0	10095.0	0.0	0.0	17.0	18.0	22.0
1778181861	0.0	0.0	1313.0	39719.0	163615.0	0.0	0.0	188.0	284.0	258.0
1781188483	0.0	0.0	0.0	0.0	81291.0	0.0	0.0	0.0	0.0	90.0
1783982957	142.0	314.0	257.0	0.0	0.0	2.0	3.0	4.0	0.0	0.0
1784871365	0.0	0.0	0.0	0.0	24865.0	0.0	0.0	0.0	0.0	31.0
1789501184	0.0	0.0	29.0	0.0	553.0	0.0	0.0	2.0	0.0	1.0
1794572275	15963.0	4465.0	2302.0	2362.0	22036.0	515.0	446.0	177.0	394.0	1102.0
1795509335	59.0	1066.0	2653.0	16028.0	23636.0	5.0	51.0	47.0	308.0	394.0
1796118884	0.0	0.0	827.0	2357.0	21877.0	0.0	0.0	18.0	20.0	32.0
1796790562	0.0	0.0	15618.0	117688.0	245385.0	0.0	0.0	422.0	449.0	464.0
1798716414	385.0	10438.0	22175.0	5271.0	39134.0	38.0	180.0	114.0	34.0	177.0
1800611161	0.0	0.0	875.0	0.0	30269.0	0.0	0.0	27.0	0.0	33.0
1801424604	0.0	0.0	0.0	25.0	81.0	0.0	0.0	0.0	0.0	1.0
1801831432	83.0	75.0	142.0	49.0	7.0	6.0	2.0	6.0	6.0	2.0
1801999762	9477.0	84756.0	78805.0	54516.0	58288.0	122.0	426.0	743.0	673.0	620.0
1802079307	4.0	0.0	0.0	968.0	0.0	0.0	0.0	0.0	8.0	0.0
1802764891	369.0	200.0	131.0	0.0	3.0	25.0	14.0	6.0	0.0	2.0
1807134561	0.0	195.0	30676.0	56235.0	110586.0	0.0	20.0	601.0	277.0	219.0
1807419844	2361.0	18687.0	166.0	19349.0	7938.0	197.0	445.0	18.0	717.0	441.0
1809715501	0.0	83.0	0.0	0.0	0.0	0.0	1.0	0.0	0.0	0.0
1810632930	27236.0	75259.0	52044.0	190656.0	30273.0	825.0	583.0	605.0	2509.0	352.0
1813378072	1692.0	12306.0	82924.0	100118.0	720580.0	29.0	62.0	518.0	690.0	4421.0
1813634662	249.0	0.0	809.0	1050.0	1621.0	7.0	0.0	21.0	16.0	25.0
1815338681	0.0	91.0	36057.0	715.0	11051.0	0.0	2.0	611.0	55.0	283.0
1820731083	0.0	0.0	514.0	252.0	1349.0	0.0	0.0	12.0	5.0	8.0
1822430437	21231.0	22708.0	22374.0	13633.0	11728.0	393.0	229.0	263.0	132.0	117.0
1823344731	294.0	288.0	1420.0	1632.0	827.0	5.0	7.0	6.0	8.0	4.0
1824112953	0.0	0.0	6.0	405.0	679.0	0.0	0.0	1.0	7.0	13.0
1826043543	20232.0	21126.0	470.0	1690.0	4851.0	1349.0	1006.0	31.0	47.0	66.0
1826643727	0.0	0.0	0.0	285.0	9580.0	0.0	0.0	0.0	285.0	1064.0
1827165291	0.0	0.0	3438.0	2487.0	6581.0	0.0	0.0	16.0	22.0	30.0
1829280943	0.0	11.0	152.0	636.0	2793.0	0.0	11.0	4.0	7.0	11.0
1829870212	5449.0	3754.0	7856.0	1514.0	4157.0	111.0	156.0	164.0	151.0	104.0
1830138345	39885.0	69503.0	58100.0	9901.0	17049.0	1246.0	1337.0	1117.0	582.0	449.0
1832549174	62.0	96.0	138.0	0.0	218.0	1.0	3.0	1.0	0.0	2.0
1834767380	0.0	10.0	340.0	0.0	595.0	0.0	5.0	8.0	0.0	11.0
1835574314	66.0	254.0	0.0	6.0	0.0	33.0	51.0	0.0	6.0	0.0
1836430855	2357.0	1122.0	4425.0	1096.0	24670.0	18.0	19.0	153.0	15.0	294.0
1839665285	80.0	0.0	141.0	310.0	110.0	1.0	0.0	2.0	5.0	1.0
1840735635	0.0	0.0	18190.0	39818.0	65874.0	0.0	0.0	117.0	155.0	241.0
1843070674	21568.0	66083.0	40389.0	67356.0	80790.0	232.0	306.0	291.0	612.0	481.0
1843526412	769.0	1737.0	4545.0	2584.0	4346.0	27.0	42.0	37.0	20.0	42.0
1844459971	684.0	448.0	0.0	405.0	1342.0	27.0	19.0	0.0	4.0	15.0
1845315180	452.0	16454.0	19111.0	98935.0	78271.0	50.0	350.0	258.0	1099.0	860.0
1846302384	251.0	4167.0	5614.0	63277.0	22397.0	63.0	80.0	244.0	944.0	361.0
1847798401	0.0	11575.0	90458.0	200102.0	293706.0	0.0	1158.0	1028.0	764.0	1080.0
1848322945	154.0	174.0	421.0	153.0	23.0	14.0	10.0	30.0	26.0	23.0
1850540183	2608.0	21544.0	42797.0	38013.0	58011.0	261.0	211.0	201.0	247.0	257.0
1850679395	0.0	245.0	518.0	1284.0	976.0	0.0	4.0	4.0	5.0	3.0
1851524785	0.0	2471.0	44090.0	46605.0	174341.0	0.0	247.0	474.0	326.0	345.0
1852352553	0.0	6977.0	15295.0	7159.0	10153.0	0.0	85.0	62.0	40.0	36.0
1852398985	335.0	396.0	480.0	789.0	402.0	9.0	7.0	11.0	9.0	3.0
1853852475	0.0	0.0	0.0	0.0	0.0	0.0	0.0	0.0	0.0	0.0
1854627907	0.0	0.0	1492.0	2361.0	252.0	0.0	0.0	746.0	590.0	63.0
1855335174	2604.0	1342.0	6960.0	827.0	162.0	113.0	75.0	240.0	39.0	12.0
1857150145	0.0	178.0	6216.0	9889.0	18371.0	0.0	9.0	55.0	33.0	59.0
1857414070	0.0	0.0	1014.0	5073.0	36944.0	0.0	0.0	101.0	134.0	120.0
1857570982	1516.0	3703.0	8473.0	16746.0	1950.0	69.0	116.0	169.0	465.0	18.0
1862364383	372058.0	0.0	323434.0	83446.0	164892.0	28620.0	0.0	21562.0	20862.0	16489.0
1862466962	0.0	0.0	0.0	0.0	4261.0	0.0	0.0	0.0	0.0	9.0
1862929910	7188.0	36850.0	14900.0	51416.0	28794.0	719.0	709.0	552.0	635.0	488.0
1863089382	0.0	0.0	0.0	0.0	153831.0	0.0	0.0	0.0	0.0	177.0
1866149335	314.0	5703.0	15316.0	2866.0	812.0	157.0	211.0	300.0	58.0	14.0
1866402485	0.0	0.0	0.0	1386.0	3867.0	0.0	0.0	0.0	1386.0	1934.0
1868478315	0.0	12408.0	3187.0	13421.0	17034.0	0.0	1379.0	3187.0	639.0	655.0
1870366211	0.0	0.0	0.0	0.0	0.0	0.0	0.0	0.0	0.0	0.0
1870405371	491.0	274.0	640.0	463.0	79.0	49.0	2.0	3.0	2.0	1.0
1871956515	509.0	3671.0	3607.0	6125.0	9058.0	51.0	56.0	31.0	40.0	38.0
1880566337	0.0	1689.0	689.0	5541.0	6418.0	0.0	32.0	4.0	17.0	24.0
1881135547	0.0	9.0	140.0	998.0	258.0	0.0	0.0	1.0	3.0	1.0
1883564374	0.0	25599.0	46117.0	26820.0	56208.0	0.0	213.0	163.0	138.0	213.0
1885056061	0.0	0.0	36272.0	48716.0	83104.0	0.0	0.0	302.0	181.0	250.0
1885179197	229.0	0.0	34242.0	17055.0	1770.0	229.0	0.0	1223.0	948.0	354.0
1885460020	0.0	0.0	5.0	249.0	5407.0	0.0	0.0	0.0	4.0	10.0
1885486011	0.0	0.0	0.0	0.0	5822.0	0.0	0.0	0.0	0.0	31.0
1886036432	0.0	0.0	0.0	0.0	6562.0	0.0	0.0	0.0	0.0	23.0
1887262740	0.0	0.0	1379.0	7032.0	28148.0	0.0	0.0	31.0	26.0	65.0
1889158243	0.0	0.0	18881.0	11722.0	37794.0	0.0	0.0	103.0	66.0	151.0
1889377232	0.0	0.0	2418.0	338.0	79275.0	0.0	0.0	19.0	42.0	109.0
1889728690	0.0	982.0	36324.0	34741.0	123930.0	0.0	98.0	178.0	202.0	221.0
1890157630	0.0	0.0	1699.0	0.0	85995.0	0.0	0.0	68.0	0.0	101.0
1890551363	0.0	876.0	12726.0	12263.0	19164.0	0.0	46.0	62.0	55.0	56.0
1893410897	0.0	0.0	67.0	174.0	1386.0	0.0	0.0	13.0	25.0	24.0
1893826915	413.0	6488.0	501.0	1205.0	935.0	17.0	71.0	11.0	18.0	8.0
1894059162	11178.0	12757.0	13266.0	28070.0	20241.0	260.0	255.0	271.0	739.0	1191.0
1894287893	181.0	2035.0	2390.0	3030.0	1494.0	6.0	13.0	27.0	21.0	10.0
1896185234	0.0	1473.0	481.0	239.0	0.0	0.0	7.0	3.0	1.0	0.0
1896481783	0.0	1773.0	62745.0	94023.0	194545.0	0.0	177.0	329.0	346.0	653.0
1899782201	0.0	0.0	0.0	0.0	46.0	0.0	0.0	0.0	0.0	1.0
1904542220	0.0	489.0	6406.0	1929.0	52042.0	0.0	49.0	114.0	7.0	115.0
1906114713	388.0	1196.0	849.0	622.0	1146.0	30.0	75.0	40.0	26.0	40.0
1906604475	26693.0	42751.0	42458.0	21066.0	14386.0	148.0	359.0	327.0	324.0	178.0
1907244354	4679.0	11684.0	1824.0	2557.0	394.0	22.0	32.0	68.0	116.0	197.0
1907252570	5242.0	35647.0	3126.0	1362.0	139.0	51.0	75.0	74.0	97.0	70.0
1907542963	77835.0	215054.0	125853.0	126945.0	151986.0	1898.0	5001.0	2468.0	2081.0	2082.0
1910672761	5449.0	96.0	1969.0	3903.0	4986.0	237.0	48.0	179.0	355.0	416.0
1912713353	25423.0	19010.0	17009.0	13894.0	21445.0	118.0	152.0	108.0	180.0	185.0
1913663321	4972.0	3524.0	329.0	1746.0	1510.0	622.0	320.0	164.0	873.0	189.0
1914170245	1310.0	5578.0	11011.0	37998.0	5244.0	87.0	310.0	393.0	844.0	131.0
1919114090	0.0	0.0	0.0	1173.0	168061.0	0.0	0.0	0.0	65.0	209.0
1920061532	0.0	0.0	10423.0	17317.0	31629.0	0.0	0.0	104.0	54.0	129.0
1920535861	327.0	490.0	584.0	434.0	2641.0	9.0	12.0	15.0	14.0	21.0
1921868697	0.0	0.0	0.0	0.0	116336.0	0.0	0.0	0.0	0.0	154.0
1925950032	6226.0	7789.0	5564.0	2718.0	2796.0	46.0	102.0	164.0	44.0	72.0
1926652273	0.0	186184.0	109634.0	125491.0	436391.0	0.0	5172.0	6091.0	4648.0	7934.0
1927564525	12381.0	15600.0	84897.0	30186.0	174868.0	90.0	133.0	566.0	299.0	1681.0
1930072831	0.0	47079.0	33731.0	23275.0	66027.0	0.0	942.0	519.0	423.0	647.0
1930227130	196.0	361.0	516.0	292.0	152.0	24.0	18.0	18.0	36.0	25.0
1931755017	5445.0	5776.0	2861.0	1093.0	542.0	101.0	141.0	102.0	34.0	15.0
1932108903	1124.0	20928.0	13628.0	3309.0	21729.0	112.0	1744.0	852.0	150.0	805.0
1933895942	0.0	0.0	0.0	533.0	18987.0	0.0	0.0	0.0	27.0	26.0
1934303255	0.0	5468.0	15689.0	38501.0	34582.0	0.0	210.0	215.0	180.0	82.0
1935591865	0.0	0.0	37995.0	12233.0	41406.0	0.0	0.0	447.0	255.0	455.0
1935671631	9175.0	1226.0	480.0	8412.0	5975.0	47.0	77.0	8.0	43.0	24.0
1937244784	0.0	0.0	0.0	0.0	28500.0	0.0	0.0	0.0	0.0	31.0
1944272797	1841.0	664.0	682.0	1397.0	575.0	68.0	44.0	38.0	52.0	58.0
1944554947	7556.0	2959.0	19613.0	0.0	5617.0	756.0	164.0	560.0	0.0	140.0
1945390842	87.0	184.0	77.0	0.0	141.0	10.0	7.0	6.0	0.0	7.0
1945584665	0.0	0.0	10965.0	40482.0	48411.0	0.0	0.0	843.0	1928.0	1345.0
1945805232	0.0	46274.0	61344.0	45363.0	62895.0	0.0	379.0	379.0	209.0	194.0
1952315213	0.0	0.0	1044.0	2197.0	10437.0	0.0	0.0	15.0	21.0	18.0
1955292790	1250.0	16006.0	15243.0	17987.0	11250.0	69.0	239.0	293.0	450.0	469.0
1958015870	1518.0	3202.0	2946.0	490.0	6002.0	190.0	267.0	268.0	54.0	207.0
1960499323	0.0	621.0	1176.0	13821.0	4830.0	0.0	16.0	26.0	189.0	50.0
1965617182	0.0	0.0	0.0	1.0	0.0	0.0	0.0	0.0	1.0	0.0
1965681503	25281.0	12668.0	39275.0	19034.0	107321.0	460.0	275.0	741.0	529.0	1450.0
1966288725	0.0	0.0	0.0	3.0	0.0	0.0	0.0	0.0	0.0	0.0
1968827877	0.0	0.0	1119.0	7135.0	9668.0	0.0	0.0	23.0	32.0	21.0
1971890324	4268.0	16531.0	26763.0	15264.0	14704.0	147.0	109.0	122.0	111.0	95.0
1974152033	0.0	0.0	5410.0	0.0	17943.0	0.0	0.0	26.0	0.0	26.0
1976798673	1520.0	11990.0	8230.0	19999.0	86278.0	138.0	200.0	104.0	312.0	1092.0
1977278337	6258.0	3152.0	43502.0	10242.0	35566.0	313.0	113.0	1036.0	205.0	462.0
1980465571	0.0	1511.0	8754.0	5694.0	20459.0	0.0	20.0	46.0	32.0	61.0
1982163497	0.0	0.0	10477.0	29589.0	36351.0	0.0	0.0	101.0	109.0	99.0
1982718541	0.0	0.0	0.0	0.0	1617.0	0.0	0.0	0.0	0.0	12.0
1984862383	0.0	0.0	0.0	135.0	1286.0	0.0	0.0	0.0	3.0	6.0
1986481745	453.0	60.0	7692.0	134405.0	54114.0	23.0	7.0	350.0	2922.0	1640.0
1986866281	0.0	0.0	0.0	36.0	0.0	0.0	0.0	0.0	0.0	0.0
1990821721	0.0	0.0	0.0	1605.0	958.0	0.0	0.0	0.0	6.0	2.0
1991194723	29297.0	26629.0	48654.0	25778.0	36754.0	598.0	173.0	215.0	203.0	233.0
1993350880	0.0	1589.0	10384.0	30372.0	71167.0	0.0	84.0	110.0	160.0	140.0
1999393467	320.0	142.0	117.0	67.0	297.0	6.0	4.0	4.0	2.0	7.0
2000363391	310.0	458.0	276.0	151.0	746.0	5.0	5.0	4.0	2.0	7.0
2012579967	1096.0	670.0	192.0	59.0	164.0	64.0	34.0	19.0	2.0	2.0
2017335643	17.0	2.0	0.0	0.0	83.0	2.0	0.0	0.0	0.0	17.0
2019094113	0.0	0.0	7220.0	28849.0	106944.0	0.0	0.0	66.0	82.0	370.0
2019247717	0.0	7.0	2.0	0.0	0.0	0.0	0.0	0.0	0.0	0.0
2019486951	72.0	0.0	0.0	12.0	78.0	7.0	0.0	0.0	12.0	9.0
2023791210	0.0	0.0	0.0	38973.0	183953.0	0.0	0.0	0.0	203.0	258.0
2025994775	25347.0	27409.0	13692.0	16656.0	52254.0	845.0	428.0	263.0	231.0	488.0
2026014915	1653.0	1338.0	9319.0	9071.0	0.0	59.0	10.0	70.0	61.0	0.0
2029606437	0.0	0.0	286.0	750.0	2011.0	0.0	0.0	6.0	7.0	3.0
2034029294	2603.0	5519.0	1134.0	45.0	0.0	8.0	18.0	32.0	45.0	0.0
2034192292	95.0	2452.0	188.0	1901.0	404.0	12.0	65.0	31.0	146.0	202.0
2040119035	476.0	3059.0	3043.0	32171.0	19158.0	48.0	49.0	52.0	105.0	65.0
2047613403	0.0	0.0	15871.0	8507.0	106107.0	0.0	0.0	153.0	109.0	176.0
2051673801	487.0	0.0	70.0	124.0	481.0	4.0	0.0	1.0	1.0	4.0
2053807061	1415.0	1981.0	3045.0	260.0	334.0	101.0	83.0	304.0	13.0	24.0
2053975695	0.0	0.0	5014.0	17085.0	90733.0	0.0	0.0	59.0	102.0	142.0
2054793217	0.0	729.0	2932.0	2508.0	3232.0	0.0	21.0	16.0	15.0	9.0
2055410091	0.0	33908.0	55019.0	21598.0	24006.0	0.0	339.0	239.0	115.0	114.0
2056382103	0.0	0.0	0.0	0.0	177882.0	0.0	0.0	0.0	0.0	192.0
2067756135	2130.0	41057.0	151202.0	106938.0	79232.0	1065.0	790.0	669.0	546.0	402.0
2070310990	0.0	0.0	0.0	0.0	197.0	0.0	0.0	0.0	0.0	7.0
2072631987	6.0	0.0	158.0	254.0	315.0	2.0	0.0	10.0	5.0	2.0
2073040423	105.0	1559.0	0.0	662.0	519.0	2.0	17.0	0.0	6.0	3.0
2073980054	0.0	0.0	0.0	0.0	108.0	0.0	0.0	0.0	0.0	3.0
2074370833	912.0	2487.0	9272.0	2530.0	92242.0	10.0	23.0	85.0	40.0	688.0
2080259373	273.0	2797.0	8915.0	136.0	4402.0	10.0	104.0	229.0	14.0	157.0
2089721401	0.0	0.0	8528.0	13881.0	49971.0	0.0	0.0	55.0	50.0	133.0
2090683994	25805.0	15656.0	20654.0	18556.0	9036.0	340.0	364.0	422.0	258.0	244.0
2092032733	0.0	747.0	662.0	2175.0	2255.0	0.0	3.0	13.0	19.0	17.0
2094387684	0.0	0.0	0.0	0.0	0.0	0.0	0.0	0.0	0.0	0.0
2099079752	15400.0	12143.0	3609.0	0.0	0.0	71.0	58.0	53.0	0.0	0.0
2102711012	336.0	2266.0	73.0	321.0	28.0	24.0	142.0	9.0	12.0	1.0
2106202530	43.0	405.0	240.0	701.0	563.0	2.0	68.0	4.0	12.0	10.0
2115176080	11578.0	6677.0	2576.0	0.0	0.0	154.0	334.0	234.0	0.0	0.0
2115304994	4287.0	2840.0	34.0	760.0	0.0	43.0	12.0	8.0	380.0	0.0
2116182794	5360.0	13670.0	7275.0	6282.0	11978.0	149.0	145.0	96.0	74.0	99.0
2122233441	15.0	156.0	14.0	17.0	0.0	1.0	22.0	5.0	6.0	0.0
2127461751	1922.0	2091.0	2578.0	5652.0	0.0	30.0	36.0	20.0	25.0	0.0
2129572704	0.0	0.0	0.0	0.0	13.0	0.0	0.0	0.0	0.0	0.0
2131445654	29735.0	90920.0	154902.0	112820.0	116745.0	782.0	733.0	885.0	714.0	475.0
2136670495	951.0	6141.0	5871.0	5441.0	7307.0	37.0	43.0	32.0	38.0	33.0
2137637745	0.0	0.0	322.0	0.0	30.0	0.0	0.0	1.0	0.0	0.0
2137765880	0.0	0.0	0.0	28789.0	45733.0	0.0	0.0	0.0	613.0	1577.0
2138876990	17230.0	18642.0	4243.0	1888.0	185.0	466.0	533.0	141.0	73.0	26.0
2139885703	0.0	71811.0	143564.0	128749.0	222616.0	0.0	781.0	647.0	688.0	592.0
2141791335	1082.0	3350.0	11169.0	259330.0	386330.0	14.0	33.0	103.0	1776.0	1296.0
2141934923	0.0	0.0	0.0	0.0	100739.0	0.0	0.0	0.0	0.0	116.0
2145304743	6.0	11.0	8.0	0.0	6.0	2.0	2.0	2.0	0.0	1.0
2146525962	0.0	1122.0	1525.0	4392.0	6060.0	0.0	15.0	23.0	19.0	15.0
2147543547	0.0	0.0	16391.0	54968.0	52432.0	0.0	0.0	241.0	197.0	144.0
2148626094	0.0	0.0	1368.0	2543.0	18446.0	0.0	0.0	34.0	27.0	28.0
2150152830	1526.0	726.0	2504.0	298.0	5566.0	170.0	73.0	93.0	33.0	114.0
2152760185	90.0	2009.0	756.0	343.0	1602.0	4.0	80.0	12.0	5.0	17.0
2153773471	0.0	15983.0	71185.0	80223.0	52999.0	0.0	484.0	523.0	446.0	344.0
2154212385	0.0	5367.0	18631.0	24354.0	31196.0	0.0	110.0	108.0	121.0	111.0
2154547207	0.0	0.0	0.0	41055.0	53409.0	0.0	0.0	0.0	321.0	499.0
2154583655	587.0	401.0	2749.0	212.0	577.0	147.0	31.0	65.0	71.0	32.0
2155138921	1094.0	3264.0	16308.0	24819.0	39766.0	64.0	57.0	84.0	127.0	160.0
2155987804	0.0	0.0	40022.0	15089.0	52606.0	0.0	0.0	165.0	57.0	208.0
2156166350	0.0	49.0	424.0	1392.0	1626.0	0.0	2.0	9.0	7.0	5.0
2172488380	16520.0	6041.0	3366.0	441.0	11355.0	403.0	97.0	56.0	12.0	232.0
2173500134	1706.0	12979.0	5007.0	496.0	19.0	155.0	173.0	69.0	24.0	3.0
2173825475	7751.0	71108.0	120032.0	31901.0	142492.0	456.0	847.0	1334.0	498.0	1696.0
2175199144	0.0	0.0	10153.0	11306.0	175312.0	0.0	0.0	260.0	314.0	216.0
2175842925	27.0	202.0	20.0	132.0	0.0	2.0	18.0	1.0	13.0	0.0
2176645133	7242.0	71398.0	73097.0	64319.0	21401.0	724.0	1983.0	1924.0	1191.0	396.0
2184728493	0.0	0.0	5936.0	4511.0	21209.0	0.0	0.0	44.0	33.0	35.0
2185104815	22590.0	31842.0	44509.0	16035.0	3391.0	269.0	129.0	157.0	174.0	71.0
2185432195	1493.0	353.0	104.0	158.0	140.0	149.0	35.0	26.0	23.0	23.0
2185608961	66459.0	131118.0	112012.0	37410.0	248840.0	1108.0	1009.0	862.0	451.0	813.0
2185636134	0.0	0.0	0.0	0.0	955.0	0.0	0.0	0.0	0.0	1.0
2186363183	0.0	0.0	0.0	0.0	76640.0	0.0	0.0	0.0	0.0	4258.0
2188110855	2333.0	7429.0	7520.0	14940.0	29497.0	71.0	87.0	109.0	325.0	135.0
2189608911	0.0	3440.0	5170.0	33828.0	43875.0	0.0	57.0	57.0	252.0	187.0
2203045151	0.0	1033.0	883.0	1518.0	1323.0	0.0	52.0	88.0	49.0	60.0
2205215712	2301.0	125818.0	74638.0	95898.0	120052.0	135.0	719.0	718.0	507.0	372.0
2205675180	75.0	3198.0	623.0	99.0	1067.0	9.0	51.0	15.0	8.0	27.0
2206430561	0.0	0.0	8489.0	0.0	86048.0	0.0	0.0	257.0	0.0	95.0
2212311917	268.0	4918.0	1884.0	30470.0	3748.0	13.0	129.0	14.0	290.0	26.0
2212518065	1640.0	3510.0	2846.0	1435.0	1737.0	26.0	21.0	16.0	144.0	11.0
2213549100	0.0	0.0	0.0	0.0	0.0	0.0	0.0	0.0	0.0	0.0
2213619244	40377.0	54453.0	68310.0	42376.0	56860.0	238.0	432.0	474.0	683.0	748.0
2214542774	14.0	703.0	5914.0	2742.0	640.0	2.0	21.0	219.0	57.0	27.0
2217389255	134475.0	122076.0	163640.0	45094.0	35865.0	1051.0	573.0	1077.0	382.0	301.0
2217511264	954.0	5644.0	4036.0	4300.0	15852.0	21.0	32.0	31.0	74.0	50.0
2219064012	0.0	0.0	3371.0	39491.0	70843.0	0.0	0.0	91.0	123.0	177.0
2219227283	0.0	3860.0	2233.0	4239.0	70602.0	0.0	129.0	319.0	72.0	91.0
2219800644	0.0	0.0	1162.0	0.0	96579.0	0.0	0.0	106.0	0.0	116.0
2231241171	2137.0	1332.0	3593.0	6022.0	18385.0	22.0	67.0	78.0	34.0	39.0
2231296431	752.0	14448.0	895.0	10204.0	135534.0	75.0	466.0	448.0	138.0	191.0
2231724507	8857.0	7979.0	9010.0	6857.0	12190.0	201.0	285.0	265.0	229.0	142.0
2241275235	21324.0	52347.0	51476.0	67851.0	61027.0	888.0	575.0	620.0	526.0	445.0
2243494133	5.0	0.0	0.0	0.0	0.0	1.0	0.0	0.0	0.0	0.0
2247164142	0.0	62651.0	369641.0	812914.0	595294.0	0.0	1693.0	2515.0	3022.0	1958.0
2251304944	645.0	1064.0	21119.0	6710.0	11301.0	20.0	19.0	120.0	40.0	50.0
2253566775	0.0	0.0	0.0	0.0	160848.0	0.0	0.0	0.0	0.0	169.0
2267310857	5570.0	7191.0	17860.0	30180.0	12536.0	557.0	160.0	177.0	472.0	99.0
2273603747	8833.0	9682.0	9579.0	18010.0	5499.0	215.0	66.0	108.0	128.0	58.0
2282258520	38.0	656.0	1559.0	486.0	0.0	38.0	11.0	12.0	10.0	0.0
2282991915	0.0	2617.0	6336.0	13996.0	7406.0	0.0	28.0	24.0	45.0	17.0
2286457060	2704.0	75.0	559.0	27.0	0.0	5.0	3.0	5.0	3.0	0.0
2286696572	1051.0	2387.0	1175.0	0.0	10.0	5.0	7.0	10.0	0.0	2.0
2288652234	102.0	0.0	1397.0	21660.0	20891.0	10.0	0.0	47.0	72.0	41.0
2292092920	0.0	0.0	0.0	0.0	37.0	0.0	0.0	0.0	0.0	37.0
2293632164	0.0	0.0	0.0	0.0	0.0	0.0	0.0	0.0	0.0	0.0
2294233591	0.0	0.0	2001.0	9683.0	57866.0	0.0	0.0	40.0	98.0	84.0
2294650094	0.0	1614.0	9234.0	14161.0	22818.0	0.0	15.0	35.0	76.0	94.0
2296604561	0.0	0.0	0.0	168.0	0.0	0.0	0.0	0.0	8.0	0.0
2297283717	0.0	5727.0	786.0	3162.0	145877.0	0.0	573.0	112.0	75.0	1291.0
2297493511	0.0	0.0	0.0	0.0	139693.0	0.0	0.0	0.0	0.0	172.0
2301626242	323.0	1706.0	4107.0	4664.0	4147.0	20.0	14.0	15.0	30.0	24.0
2302787264	16745.0	11462.0	22395.0	35125.0	8396.0	728.0	441.0	367.0	481.0	123.0
2305514834	0.0	171.0	669.0	2287.0	4343.0	0.0	10.0	5.0	9.0	13.0
2307736563	0.0	0.0	0.0	17.0	468.0	0.0	0.0	0.0	1.0	4.0
2309392464	0.0	0.0	607.0	0.0	83204.0	0.0	0.0	38.0	0.0	96.0
2318413794	1233.0	1379.0	889.0	1934.0	1114.0	25.0	28.0	36.0	31.0	28.0
2322168320	0.0	15394.0	37489.0	13789.0	97910.0	0.0	115.0	196.0	206.0	273.0
2336169183	4670.0	8136.0	15879.0	2987.0	1099.0	120.0	56.0	74.0	57.0	32.0
2359037744	0.0	0.0	6351.0	25399.0	60940.0	0.0	0.0	454.0	619.0	910.0
2366098464	1048.0	617.0	1908.0	219.0	600.0	46.0	19.0	35.0	13.0	24.0
2368678562	9713.0	19236.0	16296.0	23790.0	27992.0	648.0	209.0	236.0	238.0	418.0
2368746162	0.0	0.0	0.0	0.0	168176.0	0.0	0.0	0.0	0.0	177.0
2376442895	1243.0	800.0	2010.0	1269.0	1065.0	44.0	53.0	87.0	63.0	53.0
2382356540	8324.0	3187.0	34753.0	40298.0	29125.0	416.0	123.0	358.0	491.0	211.0
2385069490	0.0	0.0	1087.0	0.0	77293.0	0.0	0.0	60.0	0.0	96.0
2385077904	0.0	0.0	17618.0	77299.0	180609.0	0.0	0.0	184.0	361.0	380.0
2390654513	0.0	6451.0	0.0	72818.0	88904.0	0.0	129.0	0.0	327.0	542.0
2396286111	0.0	0.0	0.0	0.0	632.0	0.0	0.0	0.0	0.0	63.0
2397991440	0.0	0.0	0.0	0.0	92013.0	0.0	0.0	0.0	0.0	64.0
2399301482	24761.0	10489.0	17770.0	5035.0	4756.0	152.0	83.0	197.0	76.0	62.0
2409034375	0.0	0.0	0.0	0.0	50437.0	0.0	0.0	0.0	0.0	56.0
2414492964	0.0	0.0	6620.0	5711.0	72685.0	0.0	0.0	74.0	79.0	106.0
2420331001	0.0	0.0	0.0	1200.0	1895.0	0.0	0.0	0.0	36.0	22.0
2421203193	883.0	2633.0	2113.0	1699.0	4579.0	44.0	22.0	17.0	22.0	64.0
2421208073	0.0	4609.0	7058.0	6718.0	13511.0	0.0	52.0	50.0	33.0	40.0
2423757750	7807.0	19797.0	12191.0	17852.0	11536.0	195.0	131.0	110.0	132.0	56.0
2426309195	0.0	0.0	0.0	478.0	624.0	0.0	0.0	0.0	5.0	5.0
2428440643	1242.0	20132.0	89966.0	56770.0	36814.0	104.0	243.0	373.0	344.0	174.0
2429847483	0.0	0.0	353.0	7342.0	43888.0	0.0	0.0	27.0	55.0	74.0
2435703477	0.0	0.0	0.0	0.0	138.0	0.0	0.0	0.0	0.0	14.0
2435727903	0.0	1659.0	3418.0	5277.0	6022.0	0.0	10.0	21.0	39.0	91.0
2436313222	0.0	9886.0	71270.0	34050.0	21392.0	0.0	319.0	344.0	141.0	72.0
2439854907	0.0	1174.0	17085.0	13023.0	14834.0	0.0	117.0	104.0	101.0	91.0
2441661772	0.0	0.0	55004.0	41492.0	67102.0	0.0	0.0	470.0	207.0	158.0
2448184413	0.0	18644.0	49318.0	19874.0	63258.0	0.0	301.0	457.0	146.0	111.0
2451549504	19870.0	85725.0	116180.0	125769.0	140049.0	994.0	809.0	687.0	676.0	609.0
2451667715	0.0	939.0	1566.0	999.0	1458.0	0.0	7.0	10.0	8.0	13.0
2451705144	0.0	24080.0	16032.0	66192.0	32984.0	0.0	472.0	239.0	236.0	93.0
2453801347	24.0	917.0	2156.0	385.0	592.0	2.0	9.0	17.0	5.0	6.0
2457872727	8.0	3.0	0.0	0.0	0.0	1.0	0.0	0.0	0.0	0.0
2459718987	0.0	0.0	0.0	1471.0	24.0	0.0	0.0	0.0	70.0	3.0
2467783493	0.0	0.0	632.0	4523.0	529.0	0.0	0.0	21.0	38.0	4.0
2469840975	0.0	8871.0	14411.0	4479.0	5740.0	0.0	189.0	240.0	109.0	130.0
2476006692	0.0	5260.0	36318.0	22096.0	41465.0	0.0	135.0	182.0	112.0	141.0
2484835381	18.0	0.0	0.0	0.0	0.0	2.0	0.0	0.0	0.0	0.0
2485565120	0.0	0.0	74645.0	54152.0	132768.0	0.0	0.0	969.0	245.0	284.0
2493118952	477.0	2196.0	14338.0	6996.0	6714.0	48.0	30.0	65.0	36.0	27.0
2495327692	0.0	0.0	0.0	0.0	133119.0	0.0	0.0	0.0	0.0	130.0
2496393764	0.0	5398.0	20866.0	55328.0	121479.0	0.0	284.0	321.0	248.0	250.0
2497028981	457.0	2830.0	6939.0	4356.0	14962.0	15.0	26.0	36.0	30.0	44.0
2505955900	0.0	0.0	23478.0	16291.0	78579.0	0.0	0.0	146.0	115.0	160.0
2508899287	97.0	71.0	0.0	330.0	14.0	7.0	3.0	0.0	14.0	0.0
2512574061	0.0	0.0	0.0	0.0	93714.0	0.0	0.0	0.0	0.0	145.0
2513522613	6508.0	6197.0	742.0	1632.0	4002.0	57.0	37.0	4.0	17.0	31.0
2516683113	50171.0	41400.0	7092.0	20605.0	15903.0	850.0	470.0	106.0	179.0	156.0
2517830513	0.0	2807.0	20999.0	23946.0	62728.0	0.0	281.0	219.0	113.0	139.0
2518349655	0.0	0.0	12278.0	15701.0	16454.0	0.0	0.0	79.0	64.0	61.0
2519379874	0.0	7304.0	1986.0	13361.0	118881.0	0.0	730.0	142.0	165.0	174.0
2519414790	309.0	631.0	1937.0	2419.0	5858.0	15.0	63.0	108.0	62.0	78.0
2519732362	547.0	0.0	0.0	0.0	350.0	18.0	0.0	0.0	0.0	11.0
2520889334	0.0	0.0	7182.0	1343.0	2920.0	0.0	0.0	50.0	112.0	20.0
2521766162	0.0	66.0	1066.0	980.0	3398.0	0.0	2.0	12.0	4.0	6.0
2537099500	0.0	4550.0	12822.0	4418.0	3202.0	0.0	76.0	94.0	64.0	58.0
2543598961	9.0	0.0	0.0	0.0	16.0	1.0	0.0	0.0	0.0	0.0
2545230535	357.0	360.0	812.0	316.0	421.0	5.0	4.0	11.0	5.0	3.0
2548127017	875.0	2286.0	1549.0	3543.0	3387.0	29.0	114.0	77.0	104.0	103.0
2550491047	3775.0	3113.0	23588.0	47191.0	114778.0	378.0	389.0	737.0	507.0	850.0
2557586352	240.0	178.0	530.0	229.0	509.0	15.0	30.0	38.0	38.0	46.0
2576278033	879.0	1378.0	0.0	888.0	838.0	12.0	7.0	0.0	7.0	7.0
2576867470	0.0	18298.0	24326.0	13664.0	38466.0	0.0	554.0	1058.0	471.0	631.0
2589432731	0.0	0.0	2743.0	20026.0	58783.0	0.0	0.0	95.0	118.0	104.0
2589463190	2202.0	552.0	6730.0	1041.0	4025.0	41.0	39.0	374.0	80.0	671.0
2595620092	63.0	314.0	996.0	0.0	1462.0	2.0	6.0	6.0	0.0	3.0
2600645972	0.0	0.0	0.0	0.0	5958.0	0.0	0.0	0.0	0.0	6.0
2602484450	0.0	0.0	0.0	0.0	62989.0	0.0	0.0	0.0	0.0	79.0
2604354275	0.0	0.0	4178.0	1549.0	2514.0	0.0	0.0	26.0	7.0	6.0
2608983881	823.0	3204.0	3284.0	11845.0	30508.0	32.0	24.0	31.0	65.0	89.0
2609640140	15590.0	15590.0	3709.0	116.0	0.0	46.0	51.0	120.0	39.0	0.0
2610898374	0.0	0.0	23028.0	54267.0	73367.0	0.0	0.0	315.0	202.0	222.0
2611030625	51.0	0.0	1818.0	21751.0	55224.0	5.0	0.0	182.0	78.0	106.0
2613006173	20700.0	29722.0	31549.0	23428.0	32881.0	269.0	149.0	237.0	372.0	195.0
2615850625	558.0	5853.0	3805.0	2573.0	1586.0	5.0	22.0	18.0	26.0	27.0
2619057517	2191.0	4358.0	2759.0	866.0	2580.0	64.0	49.0	36.0	14.0	27.0
2619130163	0.0	1620.0	37475.0	69643.0	33254.0	0.0	85.0	93.0	260.0	130.0
2619215692	0.0	54.0	0.0	15732.0	214.0	0.0	54.0	0.0	393.0	1.0
2624215580	0.0	0.0	246.0	759.0	519.0	0.0	0.0	16.0	17.0	13.0
2625018254	0.0	0.0	7691.0	3755.0	25847.0	0.0	0.0	58.0	41.0	46.0
2625098494	0.0	0.0	2201.0	0.0	23841.0	0.0	0.0	15.0	0.0	72.0
2626658043	0.0	0.0	3648.0	13740.0	36252.0	0.0	0.0	122.0	105.0	104.0
2626682903	0.0	7491.0	47225.0	70073.0	135450.0	0.0	187.0	301.0	268.0	288.0
2626683933	2186.0	651.0	1672.0	0.0	0.0	52.0	5.0	11.0	0.0	0.0
2626689011	0.0	2587.0	17684.0	6334.0	14492.0	0.0	36.0	74.0	66.0	41.0
2626690453	0.0	1841.0	4903.0	11577.0	10608.0	0.0	28.0	29.0	38.0	37.0
2626697577	0.0	962.0	8936.0	7290.0	11958.0	0.0	37.0	53.0	27.0	41.0
2626948743	114409.0	8241.0	236652.0	66261.0	127033.0	5448.0	1177.0	7634.0	2650.0	5774.0
2627323163	0.0	1303.0	2314.0	2364.0	5121.0	0.0	54.0	53.0	32.0	41.0
2633766381	131.0	1850.0	2585.0	2303.0	1038.0	13.0	53.0	59.0	128.0	36.0
2638266847	0.0	0.0	0.0	0.0	0.0	0.0	0.0	0.0	0.0	0.0
2640565534	0.0	54.0	10306.0	20757.0	0.0	0.0	54.0	60.0	79.0	0.0
2641636423	12689.0	21744.0	8434.0	6501.0	11897.0	89.0	133.0	72.0	51.0	103.0
2645996150	22099.0	21018.0	12752.0	14728.0	23209.0	650.0	955.0	554.0	433.0	611.0
2646163860	795.0	215.0	516.0	1064.0	957.0	38.0	22.0	47.0	28.0	34.0
2648157505	0.0	0.0	3093.0	11842.0	22701.0	0.0	0.0	39.0	46.0	54.0
2650257612	0.0	7518.0	13496.0	30736.0	74592.0	0.0	835.0	337.0	125.0	146.0
2650274624	958.0	7325.0	9306.0	33900.0	111062.0	106.0	159.0	274.0	147.0	242.0
2650922794	0.0	0.0	4750.0	2239.0	97881.0	0.0	0.0	77.0	124.0	126.0
2651196052	527.0	998.0	2370.0	2240.0	1816.0	53.0	55.0	25.0	13.0	8.0
2652162890	0.0	0.0	1499.0	1027.0	39690.0	0.0	0.0	58.0	45.0	52.0
2654915197	33.0	1.0	5.0	8.0	3.0	6.0	0.0	1.0	2.0	2.0
2656829134	0.0	0.0	3273.0	9152.0	11305.0	0.0	0.0	23.0	38.0	28.0
2657026753	0.0	11230.0	104807.0	164362.0	170501.0	0.0	749.0	628.0	620.0	504.0
2657550845	0.0	0.0	0.0	9534.0	94984.0	0.0	0.0	0.0	794.0	6332.0
2663280231	0.0	0.0	0.0	0.0	0.0	0.0	0.0	0.0	0.0	0.0
2663743715	0.0	2424.0	11666.0	8286.0	22717.0	0.0	24.0	61.0	42.0	69.0
2670125917	0.0	3911.0	77789.0	90422.0	123218.0	0.0	391.0	455.0	318.0	400.0
2673702334	0.0	0.0	290.0	624.0	2803.0	0.0	0.0	4.0	6.0	11.0
2674862233	0.0	4.0	0.0	72.0	0.0	0.0	0.0	0.0	1.0	0.0
2685579400	0.0	84.0	0.0	82.0	375.0	0.0	3.0	0.0	1.0	5.0
2686579097	77657.0	217857.0	53213.0	18572.0	32328.0	567.0	1129.0	406.0	241.0	255.0
2692255291	0.0	0.0	4785.0	748.0	46238.0	0.0	0.0	53.0	47.0	59.0
2701148474	1568.0	8975.0	14606.0	60934.0	48936.0	143.0	299.0	225.0	858.0	753.0
2701583622	0.0	0.0	0.0	0.0	847.0	0.0	0.0	0.0	0.0	94.0
2702985475	8692.0	8010.0	14531.0	9906.0	153.0	256.0	236.0	202.0	68.0	15.0
2703083495	240.0	2.0	5.0	18.0	69.0	12.0	2.0	2.0	2.0	3.0
2705688633	0.0	0.0	2275.0	2196.0	41403.0	0.0	0.0	44.0	27.0	63.0
2708629577	21624.0	30388.0	0.0	16903.0	147763.0	569.0	1381.0	0.0	180.0	217.0
2709577332	0.0	0.0	0.0	0.0	11184.0	0.0	0.0	0.0	0.0	1118.0
2711307095	0.0	439.0	1238.0	11216.0	28531.0	0.0	44.0	113.0	44.0	62.0
2711369471	163.0	0.0	740.0	2380.0	40389.0	18.0	0.0	74.0	48.0	118.0
2711373095	16916.0	29027.0	14812.0	20631.0	54768.0	135.0	538.0	511.0	144.0	129.0
2712297332	1803.0	4497.0	0.0	26856.0	76306.0	180.0	225.0	0.0	95.0	140.0
2712860252	12210.0	9539.0	82892.0	47785.0	45613.0	643.0	954.0	873.0	613.0	671.0
2713686834	20110.0	16525.0	42311.0	18277.0	153628.0	544.0	826.0	1144.0	213.0	267.0
2714257590	0.0	10062.0	3624.0	20237.0	61742.0	0.0	205.0	134.0	90.0	139.0
2719325441	77124.0	58014.0	32906.0	38171.0	16880.0	929.0	879.0	484.0	561.0	234.0
2722387481	531.0	1163.0	714.0	928.0	646.0	8.0	6.0	6.0	7.0	6.0
2722441930	358.0	2890.0	12449.0	30365.0	47904.0	36.0	37.0	69.0	192.0	164.0
2723620723	21940.0	18573.0	54570.0	0.0	108727.0	1155.0	1857.0	5457.0	0.0	138.0
2723635982	14271.0	43539.0	62781.0	10870.0	97945.0	227.0	311.0	169.0	604.0	1848.0
2726601057	0.0	71529.0	414908.0	245106.0	180198.0	0.0	1522.0	1957.0	1213.0	943.0
2729836251	477.0	11179.0	5582.0	4781.0	5342.0	48.0	103.0	63.0	67.0	70.0
2731146817	15031.0	9335.0	40263.0	8791.0	7434.0	1503.0	1867.0	2368.0	1256.0	826.0
2732055990	9645.0	24937.0	30109.0	25857.0	8987.0	482.0	712.0	568.0	517.0	114.0
2732509803	11.0	2599.0	1657.0	7441.0	6877.0	0.0	24.0	20.0	66.0	60.0
2737421304	0.0	531.0	1115.0	2168.0	2255.0	0.0	5.0	11.0	10.0	6.0
2738860822	0.0	0.0	0.0	0.0	0.0	0.0	0.0	0.0	0.0	0.0
2740317235	0.0	0.0	0.0	1309.0	15012.0	0.0	0.0	0.0	9.0	22.0
2740928150	4085.0	8001.0	2948.0	32599.0	56236.0	1021.0	2000.0	1474.0	2964.0	4326.0
2742964807	20117.0	10050.0	1550.0	0.0	11726.0	33.0	296.0	517.0	0.0	1066.0
2752831922	0.0	0.0	1546.0	4977.0	4583.0	0.0	0.0	12.0	15.0	13.0
2756133977	191.0	1152.0	1.0	54.0	31.0	24.0	115.0	1.0	8.0	3.0
2757194940	0.0	13105.0	31322.0	42824.0	95725.0	0.0	485.0	215.0	315.0	493.0
2758336701	3687.0	3412.0	609.0	457.0	1272.0	53.0	37.0	8.0	4.0	12.0
2760275217	3714.0	5392.0	10036.0	14762.0	71665.0	91.0	71.0	83.0	92.0	239.0
2762663280	0.0	0.0	7412.0	7214.0	60697.0	0.0	0.0	99.0	89.0	104.0
2772147951	0.0	0.0	0.0	241.0	272.0	0.0	0.0	0.0	5.0	2.0
2779530461	6224.0	14297.0	6319.0	9494.0	6783.0	57.0	70.0	52.0	74.0	41.0
2780654600	5.0	9987.0	1111.0	355.0	76.0	1.0	111.0	31.0	9.0	3.0
2783769922	6.0	0.0	25.0	0.0	0.0	6.0	0.0	25.0	0.0	0.0
2784078091	815.0	1513.0	261.0	471.0	653.0	14.0	21.0	5.0	8.0	10.0
2791546850	0.0	0.0	94898.0	49373.0	47013.0	0.0	0.0	940.0	667.0	382.0
2791879260	116.0	33.0	913.0	41.0	114.0	3.0	3.0	20.0	2.0	2.0
2794060445	171.0	2355.0	874.0	1980.0	20177.0	4.0	11.0	4.0	9.0	168.0
2794215895	0.0	0.0	0.0	0.0	0.0	0.0	0.0	0.0	0.0	0.0
2794665971	65116.0	246986.0	335380.0	282532.0	187733.0	1714.0	1525.0	1605.0	1449.0	929.0
2796073322	0.0	0.0	0.0	21.0	123.0	0.0	0.0	0.0	2.0	5.0
2796627290	6509.0	5868.0	7713.0	12152.0	4624.0	133.0	226.0	406.0	1350.0	105.0
2796802654	122.0	346.0	35.0	115.0	93.0	7.0	9.0	2.0	4.0	5.0
2804610542	58009.0	41539.0	36444.0	22523.0	0.0	645.0	513.0	368.0	322.0	0.0
2805326271	0.0	1592.0	103380.0	122792.0	119991.0	0.0	159.0	419.0	431.0	348.0
2807684421	0.0	60252.0	102855.0	59487.0	157588.0	0.0	1255.0	507.0	633.0	991.0
2811229670	0.0	0.0	0.0	0.0	0.0	0.0	0.0	0.0	0.0	0.0
2811535837	15.0	17.0	134.0	93.0	89.0	1.0	8.0	4.0	3.0	3.0
2813469294	0.0	3283.0	47983.0	59983.0	117607.0	0.0	253.0	378.0	469.0	249.0
2814948734	0.0	922.0	8408.0	37915.0	25103.0	0.0	922.0	701.0	5416.0	1004.0
2816892483	0.0	0.0	249.0	3088.0	3471.0	0.0	0.0	28.0	281.0	23.0
2818638325	0.0	0.0	21.0	0.0	20.0	0.0	0.0	2.0	0.0	2.0
2823170691	7709.0	12711.0	3738.0	12978.0	9165.0	188.0	131.0	41.0	94.0	56.0
2823417024	428.0	2900.0	766.0	8955.0	12365.0	9.0	31.0	10.0	100.0	73.0
2828207064	0.0	0.0	0.0	0.0	4.0	0.0	0.0	0.0	0.0	0.0
2829130665	0.0	5624.0	1784.0	2274.0	2210.0	0.0	53.0	12.0	16.0	9.0
2834527360	6168.0	10683.0	338.0	256.0	467.0	617.0	334.0	19.0	18.0	33.0
2835392520	0.0	0.0	3736.0	8115.0	8897.0	0.0	0.0	374.0	580.0	270.0
2838324945	387.0	674.0	720.0	648.0	574.0	5.0	5.0	6.0	7.0	5.0
2840252665	5188.0	24150.0	20718.0	23573.0	43906.0	127.0	140.0	133.0	183.0	224.0
2841054630	3149.0	8679.0	14023.0	12054.0	40368.0	157.0	299.0	255.0	377.0	561.0
2848406842	0.0	18.0	0.0	0.0	0.0	0.0	1.0	0.0	0.0	0.0
2854735801	0.0	10015.0	102431.0	84939.0	85103.0	0.0	345.0	432.0	313.0	270.0
2855143392	0.0	0.0	0.0	0.0	8910.0	0.0	0.0	0.0	0.0	891.0
2856943142	3169.0	41831.0	52777.0	24043.0	33836.0	352.0	277.0	201.0	179.0	258.0
2863636282	0.0	0.0	263.0	165.0	830.0	0.0	0.0	15.0	8.0	17.0
2871012475	43270.0	30567.0	14020.0	27461.0	41594.0	170.0	650.0	779.0	704.0	1600.0
2873202464	0.0	0.0	0.0	0.0	54784.0	0.0	0.0	0.0	0.0	711.0
2879299311	0.0	0.0	1.0	0.0	0.0	0.0	0.0	0.0	0.0	0.0
2880923225	0.0	0.0	9399.0	22442.0	35139.0	0.0	0.0	192.0	90.0	76.0
2882083237	8192.0	14563.0	10751.0	9612.0	6130.0	88.0	108.0	76.0	83.0	61.0
2885273312	0.0	14.0	99.0	0.0	1462.0	0.0	1.0	2.0	0.0	30.0
2893351587	1708.0	41816.0	66185.0	1601.0	38848.0	90.0	149.0	447.0	160.0	809.0
2894131574	0.0	1059.0	8734.0	11199.0	21689.0	0.0	53.0	64.0	60.0	48.0
2895287230	0.0	0.0	0.0	503.0	4119.0	0.0	0.0	0.0	36.0	41.0
2904869231	0.0	6575.0	15302.0	18559.0	24742.0	0.0	55.0	70.0	114.0	99.0
2905597415	0.0	2.0	6.0	3.0	25.0	0.0	2.0	0.0	0.0	1.0
2907576527	537.0	434.0	547.0	1228.0	1754.0	9.0	8.0	16.0	9.0	10.0
2909406375	0.0	0.0	3752.0	14588.0	208116.0	0.0	0.0	139.0	205.0	313.0
2916558967	16953.0	37607.0	28129.0	32124.0	29290.0	173.0	211.0	186.0	195.0	212.0
2920964804	0.0	0.0	0.0	0.0	255.0	0.0	0.0	0.0	0.0	0.0
2921244020	0.0	16871.0	32007.0	38509.0	34412.0	0.0	131.0	196.0	189.0	166.0
2921244052	0.0	4057.0	13988.0	21424.0	30049.0	0.0	71.0	73.0	101.0	114.0
2922893803	0.0	3430.0	14454.0	16521.0	26396.0	0.0	73.0	75.0	72.0	110.0
2924853791	2696.0	28116.0	40967.0	30635.0	96088.0	61.0	159.0	187.0	146.0	508.0
2927040120	0.0	10232.0	14851.0	6920.0	3779.0	0.0	91.0	77.0	33.0	17.0
2929743983	0.0	1454.0	0.0	10485.0	33180.0	0.0	9.0	0.0	61.0	141.0
2934018990	0.0	0.0	0.0	0.0	34190.0	0.0	0.0	0.0	0.0	37.0
2936928392	1331.0	19323.0	30200.0	21831.0	15107.0	133.0	122.0	114.0	111.0	119.0
2939662322	24406.0	20076.0	19521.0	19533.0	18833.0	176.0	181.0	161.0	174.0	216.0
2940306862	440.0	342.0	223.0	223.0	146.0	7.0	3.0	2.0	4.0	3.0
2950079471	0.0	0.0	0.0	0.0	52966.0	0.0	0.0	0.0	0.0	58.0
2952435102	0.0	0.0	5535.0	79414.0	122444.0	0.0	0.0	395.0	256.0	292.0
2958393353	893.0	0.0	191.0	196.0	925.0	11.0	0.0	2.0	1.0	7.0
2970036311	2452.0	196558.0	338090.0	372215.0	301749.0	245.0	1927.0	2167.0	1662.0	1353.0
2970452952	0.0	3147.0	1714.0	25513.0	89504.0	0.0	262.0	132.0	1417.0	4262.0
2976236410	19252.0	29918.0	34231.0	28951.0	21789.0	226.0	199.0	225.0	173.0	156.0
2978297680	0.0	0.0	198.0	1697.0	2080.0	0.0	0.0	4.0	5.0	5.0
2989711261	2.0	771.0	1812.0	103624.0	6337.0	1.0	10.0	42.0	628.0	52.0
2991093430	0.0	0.0	0.0	6.0	23.0	0.0	0.0	0.0	0.0	1.0
2998067174	0.0	0.0	0.0	0.0	23318.0	0.0	0.0	0.0	0.0	21.0
2998966864	0.0	0.0	3702.0	12635.0	14243.0	0.0	0.0	18.0	42.0	35.0
3018242917	0.0	0.0	1171.0	1763.0	179714.0	0.0	0.0	146.0	176.0	231.0
3041018631	0.0	0.0	0.0	0.0	77.0	0.0	0.0	0.0	0.0	2.0
3042505735	8193.0	8002.0	68903.0	50153.0	51494.0	293.0	333.0	338.0	231.0	194.0
3056560531	0.0	0.0	0.0	0.0	10443.0	0.0	0.0	0.0	0.0	12.0
3065331875	133.0	1091.0	199.0	379.0	1051.0	5.0	27.0	5.0	15.0	18.0
3082731712	0.0	0.0	0.0	30228.0	111491.0	0.0	0.0	0.0	179.0	221.0
3083673764	358.0	13656.0	18122.0	22325.0	28942.0	90.0	90.0	91.0	121.0	130.0
3085327787	0.0	3619.0	21093.0	25861.0	52575.0	0.0	129.0	192.0	107.0	142.0
3090409010	7312.0	5306.0	3880.0	18155.0	9972.0	102.0	531.0	298.0	1135.0	997.0
3090446140	7745.0	29825.0	7624.0	11973.0	6978.0	67.0	1570.0	476.0	704.0	349.0
3092386187	12389.0	35373.0	9577.0	4548.0	18686.0	133.0	146.0	72.0	52.0	120.0
3097328157	180.0	0.0	617.0	0.0	18992.0	18.0	0.0	9.0	0.0	26.0
3101945993	0.0	0.0	101.0	0.0	22875.0	0.0	0.0	17.0	0.0	26.0
3105995457	0.0	0.0	0.0	24.0	0.0	0.0	0.0	0.0	4.0	0.0
3106081485	0.0	0.0	0.0	0.0	12675.0	0.0	0.0	0.0	0.0	10.0
3129516717	11066.0	6018.0	3987.0	5569.0	3728.0	369.0	547.0	222.0	278.0	186.0
3136788225	0.0	4462.0	21200.0	53695.0	80226.0	0.0	744.0	922.0	688.0	226.0
3146413724	25.0	122.0	124.0	90.0	226.0	2.0	1.0	1.0	0.0	1.0
3148758435	13320.0	3087.0	16151.0	25951.0	13244.0	951.0	343.0	204.0	265.0	172.0
3152908701	0.0	0.0	0.0	0.0	0.0	0.0	0.0	0.0	0.0	0.0
3154810532	0.0	0.0	9091.0	906.0	123143.0	0.0	0.0	144.0	101.0	146.0
3163159453	0.0	50.0	49.0	34.0	66.0	0.0	5.0	12.0	8.0	7.0
3163213212	0.0	0.0	4181.0	150746.0	194041.0	0.0	0.0	523.0	464.0	416.0
3163859682	1061.0	687.0	112.0	37.0	142.0	12.0	10.0	6.0	2.0	4.0
3166400590	0.0	0.0	0.0	0.0	0.0	0.0	0.0	0.0	0.0	0.0
3167305545	0.0	19097.0	208600.0	217413.0	324252.0	0.0	1061.0	984.0	763.0	856.0
3171948942	2778.0	0.0	678.0	1134.0	3756.0	278.0	0.0	97.0	81.0	198.0
3174997853	0.0	0.0	203824.0	165914.0	96992.0	0.0	0.0	781.0	564.0	393.0
3175704507	0.0	0.0	0.0	7.0	0.0	0.0	0.0	0.0	0.0	0.0
3179407457	0.0	67.0	293.0	1875.0	1866.0	0.0	7.0	5.0	7.0	5.0
3189405031	271.0	716.0	28.0	58.0	22.0	16.0	31.0	2.0	6.0	1.0
3191534861	3652.0	143672.0	200886.0	303645.0	214353.0	365.0	2052.0	1141.0	2154.0	1066.0
3191568265	46896.0	50793.0	151679.0	41979.0	46862.0	1876.0	660.0	1614.0	666.0	459.0
3193430923	50.0	660.0	1852.0	1002.0	4527.0	4.0	66.0	54.0	37.0	151.0
3194192161	0.0	1905.0	13334.0	31237.0	31161.0	0.0	18.0	87.0	152.0	103.0
3198167840	72.0	57.0	209.0	270.0	317.0	4.0	6.0	4.0	4.0	3.0
3199893597	0.0	0.0	0.0	0.0	5281.0	0.0	0.0	0.0	0.0	6.0
3200440947	35420.0	20108.0	16650.0	49513.0	68206.0	1687.0	1005.0	1281.0	1500.0	2623.0
3203139555	0.0	81.0	9.0	35.0	1.0	0.0	6.0	2.0	6.0	0.0
3204658137	7194.0	180097.0	67255.0	115533.0	110419.0	719.0	530.0	810.0	635.0	856.0
3206325802	297.0	1736.0	729.0	599.0	376.0	5.0	10.0	4.0	3.0	6.0
3209618112	0.0	101465.0	303215.0	192102.0	186455.0	0.0	1301.0	1342.0	846.0	836.0
3210735725	9583.0	12738.0	3911.0	3221.0	4799.0	110.0	177.0	85.0	54.0	107.0
3213060995	5737.0	2687.0	2080.0	4415.0	4295.0	125.0	23.0	19.0	21.0	33.0
3214649904	0.0	2706.0	40531.0	54351.0	150602.0	0.0	271.0	555.0	312.0	269.0
3221914435	2787.0	5.0	0.0	2.0	0.0	697.0	2.0	0.0	1.0	0.0
3222409142	0.0	0.0	449.0	2005.0	5654.0	0.0	0.0	28.0	9.0	11.0
3225022692	0.0	57.0	2248.0	763.0	16458.0	0.0	1.0	19.0	38.0	75.0
3234978620	0.0	0.0	0.0	16484.0	26661.0	0.0	0.0	0.0	62.0	54.0
3249453684	1162.0	4033.0	6205.0	5480.0	352.0	8.0	18.0	163.0	82.0	70.0
3253328830	0.0	0.0	1014.0	18228.0	20729.0	0.0	0.0	14.0	61.0	56.0
3264689290	0.0	0.0	28753.0	22675.0	61926.0	0.0	0.0	240.0	151.0	114.0
3276238870	0.0	0.0	18114.0	24119.0	97275.0	0.0	0.0	143.0	210.0	164.0
3276810147	0.0	540.0	1819.0	1158.0	1373.0	0.0	12.0	8.0	7.0	7.0
3283708002	0.0	0.0	510.0	1072.0	1116.0	0.0	0.0	10.0	7.0	12.0
3289097097	0.0	700.0	335.0	58478.0	183061.0	0.0	117.0	335.0	392.0	380.0
3300097505	206.0	0.0	4705.0	1378.0	265.0	4.0	0.0	87.0	36.0	38.0
3303810634	0.0	0.0	0.0	0.0	0.0	0.0	0.0	0.0	0.0	0.0
3305085281	0.0	0.0	71018.0	48314.0	1496899.0	0.0	0.0	899.0	1028.0	2126.0
3307175952	5692.0	2364.0	770.0	6237.0	16138.0	1423.0	473.0	770.0	891.0	1009.0
3314280193	0.0	0.0	0.0	0.0	2492.0	0.0	0.0	0.0	0.0	3.0
3315542331	0.0	234.0	905.0	1600.0	870.0	0.0	5.0	5.0	4.0	3.0
3323442082	0.0	0.0	1223.0	0.0	48370.0	0.0	0.0	61.0	0.0	61.0
3334839182	0.0	1006.0	2004.0	2381.0	613.0	0.0	7.0	8.0	8.0	5.0
3345937850	4.0	0.0	0.0	1.0	3.0	4.0	0.0	0.0	1.0	1.0
3351733370	21854.0	19048.0	16373.0	9416.0	17782.0	370.0	280.0	161.0	119.0	159.0
3359309784	69.0	74.0	19.0	0.0	78.0	7.0	5.0	2.0	0.0	2.0
3368110604	0.0	1796.0	26519.0	22897.0	35574.0	0.0	40.0	99.0	206.0	99.0
3401191764	0.0	0.0	0.0	0.0	189216.0	0.0	0.0	0.0	0.0	229.0
3419305134	0.0	0.0	0.0	0.0	24483.0	0.0	0.0	0.0	0.0	183.0
3461350924	15517.0	5392.0	18826.0	22868.0	19449.0	1724.0	770.0	819.0	817.0	695.0
3464551694	0.0	0.0	2922.0	6488.0	11314.0	0.0	0.0	23.0	23.0	34.0
3474574632	526.0	0.0	1457.0	422.0	456.0	26.0	0.0	14.0	3.0	6.0
3517499214	35285.0	61592.0	51516.0	22132.0	24838.0	304.0	322.0	355.0	243.0	205.0
3523916795	1.0	0.0	904.0	790.0	2362.0	0.0	0.0	11.0	6.0	12.0
3538266147	0.0	0.0	0.0	0.0	6045.0	0.0	0.0	0.0	0.0	41.0
3538621574	0.0	0.0	485.0	1348.0	1987.0	0.0	0.0	3.0	5.0	5.0
3538883541	1288.0	1360.0	4222.0	1190.0	3513.0	14.0	9.0	33.0	10.0	15.0
3540631410	0.0	916.0	20102.0	19179.0	53202.0	0.0	46.0	141.0	104.0	144.0
3541109237	0.0	0.0	0.0	0.0	837.0	0.0	0.0	0.0	0.0	1.0
3547430354	0.0	0.0	0.0	169.0	51.0	0.0	0.0	0.0	15.0	5.0
3553487927	6.0	356.0	94.0	1437.0	1639.0	2.0	5.0	5.0	5.0	4.0
3567056502	59.0	144.0	614.0	1421.0	1408.0	7.0	5.0	4.0	6.0	4.0
3611140305	0.0	0.0	0.0	0.0	37678.0	0.0	0.0	0.0	0.0	86.0
3613440743	0.0	0.0	0.0	0.0	110101.0	0.0	0.0	0.0	0.0	82.0
3633515512	0.0	0.0	0.0	0.0	10110.0	0.0	0.0	0.0	0.0	11.0
3664122147	820.0	10978.0	4476.0	3828.0	23338.0	82.0	244.0	102.0	53.0	110.0
3670653167	110.0	107.0	12.0	60.0	73.0	6.0	4.0	2.0	2.0	3.0
3694919990	0.0	0.0	9870.0	0.0	188113.0	0.0	0.0	179.0	0.0	235.0
3702609717	0.0	0.0	6426.0	24417.0	177031.0	0.0	0.0	100.0	115.0	320.0
3714111905	0.0	0.0	0.0	1.0	0.0	0.0	0.0	0.0	0.0	0.0
3726449081	0.0	0.0	0.0	0.0	0.0	0.0	0.0	0.0	0.0	0.0
3730040331	10.0	103.0	43.0	47.0	8.0	1.0	4.0	1.0	1.0	0.0
3768854581	0.0	0.0	10175.0	2628.0	1636.0	0.0	0.0	86.0	57.0	34.0
3788285987	97.0	1832.0	3525.0	8666.0	29422.0	3.0	10.0	22.0	55.0	182.0
3817188860	0.0	77.0	2219.0	1818.0	121181.0	0.0	3.0	43.0	43.0	2376.0
3825044959	1835.0	16997.0	46029.0	13502.0	0.0	31.0	55.0	317.0	185.0	0.0
3825083840	1387.0	0.0	21129.0	98399.0	207865.0	139.0	0.0	255.0	265.0	358.0
3833070073	11986.0	24350.0	69207.0	20122.0	38938.0	375.0	316.0	430.0	468.0	506.0
3847782259	0.0	0.0	0.0	38269.0	231013.0	0.0	0.0	0.0	390.0	808.0
3859183304	0.0	193.0	245.0	0.0	45.0	0.0	39.0	41.0	0.0	9.0
3867177078	0.0	0.0	52.0	0.0	0.0	0.0	0.0	1.0	0.0	0.0
3881021356	0.0	0.0	183.0	0.0	2667.0	0.0	0.0	7.0	0.0	4.0
3881023149	0.0	127.0	2785.0	7180.0	5429.0	0.0	13.0	42.0	21.0	15.0
3888073849	60315.0	70488.0	58022.0	60182.0	37970.0	564.0	870.0	382.0	743.0	299.0
3897355704	8133.0	21370.0	31414.0	25598.0	23822.0	407.0	193.0	166.0	205.0	135.0
3898259747	0.0	0.0	0.0	0.0	55366.0	0.0	0.0	0.0	0.0	53.0
3913887849	3662.0	10130.0	21033.0	47852.0	58920.0	80.0	97.0	280.0	344.0	278.0
3913908806	0.0	0.0	511.0	1999.0	514.0	0.0	0.0	9.0	12.0	4.0
3914131564	0.0	6341.0	7768.0	21046.0	24806.0	0.0	122.0	67.0	117.0	87.0
3920631851	0.0	0.0	17056.0	0.0	261776.0	0.0	0.0	348.0	0.0	299.0
3920678309	0.0	0.0	0.0	0.0	0.0	0.0	0.0	0.0	0.0	0.0
3934035612	0.0	0.0	1021.0	13968.0	162572.0	0.0	0.0	113.0	72.0	264.0
3938522262	0.0	1542.0	4345.0	9665.0	15750.0	0.0	13.0	26.0	54.0	51.0
3940460809	0.0	0.0	0.0	105.0	493.0	0.0	0.0	0.0	0.0	1.0
3943178392	0.0	0.0	0.0	0.0	88467.0	0.0	0.0	0.0	0.0	105.0
3963155532	5915.0	12060.0	3617.0	2460.0	1911.0	24.0	66.0	100.0	37.0	14.0
3966016723	33909.0	20399.0	31960.0	32209.0	34732.0	220.0	210.0	359.0	227.0	203.0
3969876050	0.0	0.0	0.0	32132.0	36.0	0.0	0.0	0.0	171.0	2.0
3970319509	0.0	135.0	1250.0	5992.0	12497.0	0.0	7.0	14.0	23.0	33.0
3972488587	0.0	0.0	107.0	146.0	2058.0	0.0	0.0	1.0	1.0	4.0
3982698971	106.0	486.0	1320.0	1436.0	1909.0	4.0	4.0	6.0	8.0	8.0
3985527728	10874.0	26983.0	26145.0	5213.0	11302.0	1087.0	613.0	581.0	261.0	706.0
3986933335	0.0	0.0	7969.0	0.0	154007.0	0.0	0.0	215.0	0.0	188.0
5035129725	120.0	64.0	62.0	29.0	0.0	2.0	1.0	1.0	1.0	0.0
5040955225	19907.0	20456.0	31700.0	29864.0	28362.0	210.0	142.0	192.0	184.0	163.0
5041262490	2952.0	15053.0	6251.0	9454.0	37376.0	109.0	289.0	202.0	305.0	869.0
5042104968	56639.0	30508.0	34439.0	27498.0	36642.0	977.0	343.0	391.0	195.0	363.0
5042478371	0.0	0.0	649.0	520.0	40094.0	0.0	0.0	17.0	37.0	52.0
5059187293	28560.0	41533.0	26971.0	40289.0	36112.0	635.0	303.0	281.0	200.0	181.0
5073481692	0.0	0.0	4375.0	1005.0	27489.0	0.0	0.0	102.0	27.0	37.0
5075005632	0.0	0.0	580.0	199.0	260.0	0.0	0.0	8.0	3.0	5.0
5075056335	0.0	0.0	1290.0	694.0	61100.0	0.0	0.0	99.0	69.0	81.0
5076607678	2612.0	4189.0	416.0	274.0	20.0	56.0	26.0	10.0	7.0	2.0
5079349665	3.0	0.0	139.0	4.0	0.0	2.0	0.0	4.0	4.0	0.0
5083082187	13238.0	12043.0	8813.0	7891.0	14513.0	82.0	132.0	72.0	99.0	59.0
5086594940	0.0	906.0	947.0	938.0	1229.0	0.0	39.0	35.0	25.0	26.0
5088727174	0.0	1902.0	4093.0	23463.0	47489.0	0.0	48.0	71.0	82.0	109.0
5090636336	4544.0	4594.0	0.0	425.0	773.0	52.0	78.0	0.0	8.0	17.0
5095544206	0.0	27178.0	46911.0	15677.0	28062.0	0.0	289.0	193.0	78.0	117.0
5098547539	1467.0	30136.0	26946.0	93389.0	55180.0	105.0	538.0	421.0	662.0	354.0
5101863971	86122.0	150479.0	156065.0	88299.0	47355.0	652.0	809.0	907.0	825.0	640.0
5108139177	0.0	0.0	75460.0	35.0	26425.0	0.0	0.0	263.0	18.0	47.0
5111339189	2766.0	434.0	1042.0	20476.0	13148.0	163.0	9.0	40.0	73.0	35.0
5117168923	7.0	1013.0	2146.0	0.0	1166.0	2.0	338.0	195.0	0.0	130.0
5125859452	0.0	17.0	600.0	660.0	321.0	0.0	4.0	18.0	12.0	6.0
5127225727	9235.0	43911.0	9195.0	98988.0	33817.0	134.0	228.0	87.0	547.0	166.0
5131553839	0.0	0.0	0.0	72.0	23410.0	0.0	0.0	0.0	2.0	190.0
5131587272	0.0	9382.0	4807.0	12132.0	9945.0	0.0	134.0	39.0	56.0	51.0
5137463751	0.0	0.0	0.0	424.0	2764.0	0.0	0.0	0.0	8.0	8.0
5138579079	0.0	0.0	2802.0	0.0	153122.0	0.0	0.0	147.0	0.0	176.0
5142633529	0.0	1.0	0.0	330.0	3232.0	0.0	0.0	0.0	2.0	13.0
5144375221	0.0	0.0	0.0	0.0	0.0	0.0	0.0	0.0	0.0	0.0
5144723923	0.0	2530.0	8552.0	8100.0	16392.0	0.0	211.0	60.0	77.0	112.0
5150931617	20228.0	48054.0	16150.0	4164.0	1881.0	189.0	677.0	155.0	67.0	30.0
5156251815	0.0	0.0	23423.0	33735.0	267766.0	0.0	0.0	521.0	527.0	423.0
5166184780	2966.0	33268.0	37654.0	47615.0	112761.0	424.0	1512.0	1982.0	3401.0	2685.0
5177358951	6379.0	133.0	177.0	94.0	0.0	336.0	9.0	20.0	5.0	0.0
5191190515	2515.0	0.0	3876.0	13000.0	17441.0	252.0	0.0	323.0	1182.0	323.0
5202542789	0.0	0.0	19.0	563.0	575.0	0.0	0.0	2.0	4.0	3.0
5203557497	0.0	0.0	0.0	0.0	0.0	0.0	0.0	0.0	0.0	0.0
5205919794	0.0	11114.0	63973.0	89054.0	300881.0	0.0	1111.0	633.0	443.0	741.0
5208724334	0.0	0.0	0.0	0.0	19851.0	0.0	0.0	0.0	0.0	15.0
5212571993	1573.0	824.0	21.0	169.0	515.0	12.0	12.0	1.0	7.0	23.0
5215952550	0.0	0.0	273.0	0.0	0.0	0.0	0.0	2.0	0.0	0.0
5217890053	0.0	0.0	0.0	0.0	6929.0	0.0	0.0	0.0	0.0	4.0
5232055343	7011.0	62874.0	8599.0	34285.0	51710.0	163.0	886.0	573.0	1558.0	1783.0
5242360341	0.0	0.0	0.0	0.0	0.0	0.0	0.0	0.0	0.0	0.0
5242849168	5351.0	0.0	4926.0	554.0	0.0	134.0	0.0	115.0	21.0	0.0
5245080276	0.0	0.0	66.0	335.0	26.0	0.0	0.0	7.0	12.0	5.0
5249312330	0.0	0.0	0.0	31.0	298.0	0.0	0.0	0.0	4.0	13.0
5260456395	0.0	0.0	0.0	0.0	3402.0	0.0	0.0	0.0	0.0	2.0
5263758728	1055.0	2648.0	614.0	3241.0	1757.0	20.0	34.0	7.0	11.0	6.0
5264641136	0.0	60.0	3972.0	5617.0	4862.0	0.0	2.0	18.0	24.0	19.0
5269183639	0.0	0.0	3025.0	10265.0	24361.0	0.0	0.0	39.0	63.0	45.0
5269486200	0.0	0.0	5802.0	9351.0	7847.0	0.0	0.0	32.0	37.0	26.0
5270275602	0.0	16244.0	18347.0	21640.0	5302.0	0.0	91.0	66.0	128.0	104.0
5278394717	0.0	0.0	278.0	0.0	0.0	0.0	0.0	12.0	0.0	0.0
5278427062	7537.0	51230.0	34982.0	34669.0	31358.0	99.0	493.0	310.0	183.0	365.0
5306156534	0.0	21837.0	17102.0	2766.0	2317.0	0.0	66.0	150.0	34.0	20.0
5316377831	0.0	9.0	20.0	18.0	0.0	0.0	2.0	7.0	6.0	0.0
5330082337	0.0	0.0	0.0	0.0	4331.0	0.0	0.0	0.0	0.0	4.0
5340823949	1002.0	0.0	1923.0	0.0	0.0	53.0	0.0	35.0	0.0	0.0
5340919261	0.0	3.0	6.0	0.0	28.0	0.0	1.0	1.0	0.0	1.0
5341561206	0.0	0.0	0.0	6.0	0.0	0.0	0.0	0.0	2.0	0.0
5341832954	681.0	12330.0	10448.0	6829.0	4356.0	23.0	252.0	94.0	60.0	41.0
5343802312	0.0	0.0	7645.0	0.0	222658.0	0.0	0.0	163.0	0.0	274.0
5352788367	0.0	9918.0	17725.0	17987.0	55941.0	0.0	121.0	114.0	83.0	163.0
5362336233	0.0	0.0	41161.0	11314.0	78061.0	0.0	0.0	181.0	52.0	258.0
5365994144	2295.0	216.0	573.0	324.0	0.0	92.0	10.0	15.0	20.0	0.0
5385725310	0.0	0.0	167.0	635.0	2697.0	0.0	0.0	3.0	5.0	5.0
5388584202	72.0	950.0	2164.0	3071.0	2915.0	12.0	6.0	10.0	19.0	17.0
5426460093	0.0	4906.0	21063.0	10396.0	15767.0	0.0	223.0	82.0	43.0	62.0
5427040431	0.0	5401.0	16760.0	21682.0	23531.0	0.0	50.0	72.0	99.0	81.0
5448480859	2733.0	6214.0	7587.0	7997.0	0.0	38.0	36.0	44.0	44.0	0.0
5450093472	0.0	0.0	3062.0	1666.0	13648.0	0.0	0.0	17.0	14.0	25.0
5452174546	17.0	25.0	19.0	0.0	895.0	1.0	2.0	2.0	0.0	7.0
5455490563	310.0	51.0	21.0	74.0	68.0	7.0	1.0	1.0	2.0	2.0
5466029816	0.0	43014.0	10781.0	7905.0	5899.0	0.0	147.0	89.0	49.0	58.0
5466592990	60696.0	302736.0	69142.0	18153.0	85854.0	1839.0	1402.0	310.0	245.0	322.0
5468891022	0.0	0.0	9179.0	12416.0	4124.0	0.0	0.0	40.0	27.0	16.0
5487426270	0.0	54493.0	86532.0	126589.0	153755.0	0.0	1473.0	524.0	673.0	454.0
5490326028	0.0	0.0	613.0	42660.0	96723.0	0.0	0.0	51.0	805.0	3120.0
5490641722	884.0	1674.0	1161.0	971.0	569.0	24.0	38.0	36.0	26.0	15.0
5498841630	0.0	0.0	8986.0	16538.0	0.0	0.0	0.0	36.0	82.0	0.0
5510622529	11506.0	13368.0	10077.0	5108.0	4556.0	268.0	109.0	64.0	38.0	26.0
5512922997	0.0	66036.0	107392.0	146079.0	111945.0	0.0	1139.0	671.0	785.0	304.0
5518629816	0.0	0.0	0.0	1239.0	0.0	0.0	0.0	0.0	52.0	0.0
5530920153	0.0	172.0	1500.0	1743.0	2610.0	0.0	3.0	12.0	6.0	9.0
5540466595	0.0	0.0	3414.0	0.0	75043.0	0.0	0.0	85.0	0.0	94.0
5540681648	110914.0	219019.0	56919.0	41732.0	17638.0	497.0	1672.0	1186.0	401.0	95.0
5541345550	0.0	2915.0	6832.0	22892.0	107912.0	0.0	43.0	220.0	234.0	186.0
5541613374	3488.0	10942.0	2202.0	1937.0	989.0	103.0	90.0	105.0	22.0	29.0
5545165107	0.0	0.0	14118.0	0.0	121795.0	0.0	0.0	248.0	0.0	160.0
5556631847	0.0	0.0	19376.0	31538.0	25886.0	0.0	0.0	89.0	127.0	72.0
5556869758	15550.0	4056.0	84567.0	32072.0	18101.0	213.0	123.0	1626.0	382.0	377.0
5561157660	0.0	61.0	119.0	1094.0	3339.0	0.0	30.0	12.0	8.0	20.0
5562297500	0.0	2585.0	0.0	0.0	0.0	0.0	15.0	0.0	0.0	0.0
5570345486	2098.0	1269.0	181.0	23.0	23.0	18.0	28.0	23.0	23.0	23.0
5575084454	541.0	627.0	34.0	0.0	67.0	11.0	28.0	3.0	0.0	3.0
5581363016	1356.0	5713.0	3294.0	478.0	608.0	19.0	83.0	37.0	13.0	8.0
5585306684	0.0	0.0	0.0	28085.0	145429.0	0.0	0.0	0.0	290.0	203.0
5586771466	3591.0	20926.0	111738.0	52683.0	79472.0	76.0	523.0	2108.0	893.0	1006.0
5593931611	12.0	0.0	0.0	0.0	0.0	0.0	0.0	0.0	0.0	0.0
5600029229	0.0	0.0	21908.0	55403.0	101160.0	0.0	0.0	224.0	227.0	223.0
5601948311	0.0	0.0	0.0	0.0	288040.0	0.0	0.0	0.0	0.0	348.0
5609949025	10288.0	15610.0	22672.0	18842.0	25083.0	355.0	102.0	140.0	74.0	94.0
5613993790	0.0	0.0	0.0	205.0	1753.0	0.0	0.0	0.0	6.0	19.0
5614453847	3849.0	1095.0	5860.0	9185.0	53169.0	10.0	8.0	85.0	187.0	554.0
5616413326	0.0	2029.0	14130.0	29362.0	62475.0	0.0	107.0	89.0	139.0	153.0
5647938339	6625.0	23215.0	12623.0	23056.0	6029.0	189.0	387.0	574.0	1213.0	335.0
5649244896	0.0	0.0	0.0	0.0	136.0	0.0	0.0	0.0	0.0	2.0
5655452204	0.0	0.0	0.0	0.0	0.0	0.0	0.0	0.0	0.0	0.0
5659237191	1108.0	19176.0	30063.0	11982.0	17891.0	111.0	85.0	161.0	88.0	79.0
5661505070	0.0	0.0	0.0	0.0	0.0	0.0	0.0	0.0	0.0	0.0
5661962543	0.0	16990.0	60952.0	43426.0	48114.0	0.0	425.0	458.0	329.0	430.0
5662555038	0.0	0.0	0.0	97.0	225.0	0.0	0.0	0.0	2.0	3.0
5667272865	0.0	7160.0	72108.0	112139.0	45199.0	0.0	421.0	523.0	350.0	180.0
5671310355	0.0	0.0	0.0	556.0	552.0	0.0	0.0	0.0	56.0	32.0
5672212831	0.0	15229.0	49279.0	76057.0	66216.0	0.0	206.0	239.0	322.0	333.0
5672509786	0.0	0.0	2927.0	13490.0	114290.0	0.0	0.0	325.0	169.0	157.0
5675449379	69714.0	52426.0	89954.0	213816.0	160497.0	2404.0	2759.0	2194.0	2138.0	2469.0
5675789231	23.0	0.0	1114.0	9714.0	21786.0	1.0	0.0	53.0	648.0	838.0
5683860740	0.0	34.0	0.0	3.0	814.0	0.0	0.0	0.0	0.0	7.0
5685858421	0.0	456.0	16100.0	1425.0	80362.0	0.0	65.0	98.0	204.0	111.0
5696628760	0.0	22147.0	12082.0	30367.0	35486.0	0.0	157.0	153.0	137.0	98.0
5699464819	5597.0	7710.0	3225.0	3111.0	788.0	124.0	193.0	119.0	86.0	22.0
5701560760	0.0	29.0	0.0	119.0	0.0	0.0	0.0	0.0	3.0	0.0
5701705494	0.0	1395.0	19387.0	38561.0	71409.0	0.0	52.0	98.0	165.0	283.0
5705372166	108636.0	80859.0	36218.0	24662.0	2103.0	621.0	652.0	385.0	484.0	38.0
5716783177	0.0	0.0	0.0	16653.0	44089.0	0.0	0.0	0.0	1190.0	1075.0
5727695436	0.0	0.0	19823.0	13914.0	37711.0	0.0	0.0	508.0	480.0	1077.0
5729126469	0.0	32700.0	60582.0	27841.0	42460.0	0.0	696.0	1262.0	480.0	720.0
5732776759	0.0	1873.0	2706.0	676.0	2473.0	0.0	40.0	108.0	21.0	58.0
5734938853	0.0	471.0	0.0	65.0	3228.0	0.0	47.0	0.0	9.0	20.0
5735288397	162.0	1772.0	592.0	198.0	3984.0	18.0	44.0	12.0	11.0	11.0
5737298088	0.0	0.0	0.0	0.0	0.0	0.0	0.0	0.0	0.0	0.0
5738118995	3491.0	562.0	0.0	77.0	0.0	38.0	56.0	0.0	9.0	0.0
5742251187	5550.0	6408.0	8265.0	5641.0	6687.0	73.0	79.0	71.0	65.0	59.0
5745465668	0.0	486.0	1747.0	8470.0	16478.0	0.0	54.0	49.0	46.0	69.0
5745465714	3161.0	4960.0	3664.0	1859.0	841.0	81.0	64.0	81.0	30.0	23.0
5745465746	3408.0	3538.0	1206.0	840.0	67.0	70.0	60.0	40.0	105.0	67.0
5745465801	0.0	0.0	0.0	2633.0	3948.0	0.0	0.0	0.0	80.0	5.0
5745465809	0.0	0.0	0.0	0.0	6.0	0.0	0.0	0.0	0.0	1.0
5745465818	0.0	264.0	3232.0	774.0	766.0	0.0	88.0	808.0	387.0	40.0
5747171145	0.0	0.0	0.0	19.0	311.0	0.0	0.0	0.0	6.0	31.0
5747171149	2483.0	1522.0	29364.0	17235.0	17314.0	124.0	152.0	143.0	113.0	110.0
5747171211	986.0	2502.0	4746.0	2289.0	5209.0	18.0	32.0	42.0	29.0	42.0
5747171241	935.0	3758.0	10019.0	3477.0	1146.0	47.0	46.0	47.0	35.0	11.0
5747171292	0.0	189.0	1818.0	1134.0	721.0	0.0	32.0	909.0	1134.0	38.0
5751573414	0.0	0.0	6570.0	637.0	44690.0	0.0	0.0	328.0	46.0	68.0
5756467581	0.0	114.0	0.0	809.0	89.0	0.0	9.0	0.0	27.0	6.0
5761843184	0.0	0.0	0.0	43157.0	37784.0	0.0	0.0	0.0	187.0	76.0
5763577473	8175.0	10286.0	44193.0	38477.0	34674.0	818.0	1029.0	546.0	296.0	654.0
5780974966	1491.0	2150.0	16106.0	14308.0	5144.0	88.0	269.0	1464.0	795.0	143.0
5785510365	0.0	0.0	0.0	0.0	3297.0	0.0	0.0	0.0	0.0	75.0
5785689035	0.0	32.0	0.0	0.0	0.0	0.0	0.0	0.0	0.0	0.0
5792617656	652.0	2535.0	345.0	121.0	359.0	13.0	91.0	18.0	12.0	18.0
5792803077	0.0	0.0	0.0	0.0	33618.0	0.0	0.0	0.0	0.0	37.0
5794971956	0.0	0.0	2.0	0.0	0.0	0.0	0.0	0.0	0.0	0.0
5795011847	125.0	0.0	0.0	333.0	2904.0	2.0	0.0	0.0	18.0	22.0
5796841416	0.0	0.0	0.0	0.0	0.0	0.0	0.0	0.0	0.0	0.0
5802853796	0.0	0.0	6056.0	936.0	46809.0	0.0	0.0	195.0	67.0	68.0
5810945254	0.0	38.0	1148.0	188.0	897.0	0.0	2.0	12.0	9.0	13.0
5812136799	0.0	0.0	0.0	0.0	37620.0	0.0	0.0	0.0	0.0	38.0
5815357128	0.0	0.0	0.0	0.0	0.0	0.0	0.0	0.0	0.0	0.0
5820997239	0.0	0.0	3.0	3.0	0.0	0.0	0.0	1.0	0.0	0.0
5833583486	12092.0	41708.0	67151.0	56703.0	78394.0	448.0	1545.0	2920.0	3335.0	2306.0
5836409535	0.0	3.0	0.0	0.0	1.0	0.0	0.0	0.0	0.0	0.0
5853565016	491.0	17918.0	27177.0	7611.0	7731.0	164.0	314.0	209.0	134.0	143.0
5860114965	0.0	0.0	0.0	0.0	694.0	0.0	0.0	0.0	0.0	16.0
5860115721	0.0	204.0	6590.0	13868.0	12672.0	0.0	7.0	47.0	97.0	87.0
5860115918	2.0	442.0	697.0	2957.0	2461.0	0.0	3.0	8.0	54.0	35.0
5860465636	11.0	1730.0	4865.0	5167.0	2300.0	1.0	12.0	111.0	68.0	51.0
5860465812	0.0	930.0	3489.0	7105.0	3038.0	0.0	8.0	44.0	96.0	31.0
5868150992	0.0	2373.0	20040.0	71073.0	41716.0	0.0	237.0	771.0	1128.0	430.0
5869731230	0.0	0.0	30192.0	13680.0	155.0	0.0	0.0	199.0	108.0	31.0
5871697862	0.0	0.0	0.0	30056.0	162715.0	0.0	0.0	0.0	1002.0	930.0
5871882880	0.0	0.0	27509.0	3560.0	3072.0	0.0	0.0	227.0	142.0	1024.0
5871915911	0.0	0.0	0.0	7.0	37.0	0.0	0.0	0.0	0.0	1.0
5872605952	0.0	0.0	0.0	11789.0	29626.0	0.0	0.0	0.0	171.0	390.0
5874421195	0.0	0.0	22402.0	27369.0	44512.0	0.0	0.0	800.0	3910.0	809.0
5879823459	0.0	0.0	0.0	43448.0	259132.0	0.0	0.0	0.0	3103.0	3049.0
5880895746	0.0	5196.0	1595.0	360.0	0.0	0.0	60.0	30.0	12.0	0.0
5886225740	0.0	0.0	0.0	0.0	1918.0	0.0	0.0	0.0	0.0	1.0
5886288469	0.0	0.0	0.0	0.0	3550.0	0.0	0.0	0.0	0.0	2.0
5886624365	0.0	0.0	0.0	2165.0	6927.0	0.0	0.0	0.0	120.0	257.0
5890114486	0.0	50.0	450.0	0.0	30.0	0.0	1.0	5.0	0.0	1.0
5896616568	0.0	4913.0	88189.0	41344.0	22006.0	0.0	702.0	848.0	984.0	393.0
5897718391	0.0	436.0	6725.0	6437.0	4198.0	0.0	16.0	20.0	29.0	34.0
5897948226	0.0	0.0	0.0	0.0	62.0	0.0	0.0	0.0	0.0	0.0
5897998899	0.0	0.0	0.0	0.0	0.0	0.0	0.0	0.0	0.0	0.0
5898289551	0.0	0.0	0.0	0.0	0.0	0.0	0.0	0.0	0.0	0.0
5907262772	0.0	0.0	0.0	0.0	1037.0	0.0	0.0	0.0	0.0	1.0
5907511965	0.0	48.0	0.0	9073.0	13.0	0.0	1.0	0.0	197.0	1.0
5913360362	0.0	0.0	15.0	333.0	618.0	0.0	0.0	2.0	18.0	25.0
5917086703	0.0	0.0	0.0	237.0	382.0	0.0	0.0	0.0	7.0	3.0
5922754405	0.0	0.0	0.0	0.0	6346.0	0.0	0.0	0.0	0.0	4.0
5934050272	0.0	0.0	0.0	3728.0	23647.0	0.0	0.0	0.0	43.0	230.0
5940597074	0.0	0.0	0.0	10268.0	235361.0	0.0	0.0	0.0	1027.0	648.0
5948336939	0.0	0.0	46101.0	65136.0	63599.0	0.0	0.0	329.0	469.0	539.0
5955516943	0.0	0.0	775.0	4578.0	1587.0	0.0	0.0	39.0	42.0	16.0
5976647137	0.0	0.0	0.0	16.0	3.0	0.0	0.0	0.0	0.0	0.0
5981859607	0.0	0.0	0.0	7.0	10.0	0.0	0.0	0.0	0.0	1.0
5985174762	0.0	0.0	0.0	816.0	70.0	0.0	0.0	0.0	272.0	12.0
5991771342	0.0	0.0	0.0	9811.0	38956.0	0.0	0.0	0.0	892.0	493.0
5992567630	0.0	0.0	0.0	29.0	795.0	0.0	0.0	0.0	1.0	5.0
5994028437	0.0	0.0	0.0	0.0	2.0	0.0	0.0	0.0	0.0	1.0
5997529482	0.0	0.0	0.0	0.0	30810.0	0.0	0.0	0.0	0.0	1100.0
6000046158	0.0	0.0	7531.0	9703.0	21688.0	0.0	0.0	1883.0	1617.0	2169.0
6002839365	0.0	0.0	0.0	114.0	404.0	0.0	0.0	0.0	38.0	9.0
6006394101	0.0	0.0	0.0	0.0	0.0	0.0	0.0	0.0	0.0	0.0
6008648596	0.0	0.0	0.0	45.0	692.0	0.0	0.0	0.0	3.0	4.0
6011366089	0.0	0.0	0.0	315.0	128.0	0.0	0.0	0.0	6.0	3.0
6011988371	0.0	0.0	0.0	0.0	0.0	0.0	0.0	0.0	0.0	0.0
6012171411	0.0	0.0	0.0	0.0	3689.0	0.0	0.0	0.0	0.0	2.0
6012224021	0.0	0.0	0.0	0.0	1137.0	0.0	0.0	0.0	0.0	1.0
6012801927	0.0	0.0	0.0	510.0	158.0	0.0	0.0	0.0	9.0	3.0
6025707566	0.0	0.0	0.0	0.0	14.0	0.0	0.0	0.0	0.0	2.0
6027000226	0.0	0.0	0.0	0.0	0.0	0.0	0.0	0.0	0.0	0.0
6043658718	0.0	0.0	0.0	73.0	1661.0	0.0	0.0	0.0	3.0	16.0
6045532842	0.0	0.0	0.0	0.0	1.0	0.0	0.0	0.0	0.0	0.0
6048312341	0.0	0.0	0.0	0.0	0.0	0.0	0.0	0.0	0.0	0.0
6048952028	0.0	0.0	0.0	0.0	0.0	0.0	0.0	0.0	0.0	0.0
6064226600	0.0	0.0	0.0	0.0	8.0	0.0	0.0	0.0	0.0	1.0
6073691376	0.0	0.0	0.0	0.0	10.0	0.0	0.0	0.0	0.0	1.0
6075854440	0.0	0.0	0.0	0.0	0.0	0.0	0.0	0.0	0.0	0.0
6085778395	0.0	0.0	0.0	0.0	1077.0	0.0	0.0	0.0	0.0	11.0
6100366381	0.0	0.0	0.0	0.0	4.0	0.0	0.0	0.0	0.0	0.0
6113112226	0.0	0.0	0.0	0.0	0.0	0.0	0.0	0.0	0.0	0.0
6117563192	0.0	0.0	0.0	0.0	0.0	0.0	0.0	0.0	0.0	0.0
6128706745	0.0	0.0	0.0	0.0	2.0	0.0	0.0	0.0	0.0	0.0
6144363209	0.0	0.0	0.0	0.0	197.0	0.0	0.0	0.0	0.0	49.0
1017146245	0.0	4.0	1.0	0.0	0.0	0.0	1.0	0.0	0.0	0.0
1036701494	15177.0	13556.0	8988.0	13742.0	17927.0	389.0	331.0	230.0	529.0	485.0
1075376185	3960.0	2107.0	9510.0	9455.0	14719.0	248.0	211.0	244.0	295.0	508.0
1147703514	0.0	0.0	0.0	10.0	47.0	0.0	0.0	0.0	0.0	0.0
1149123383	180.0	143.0	1507.0	140.0	15.0	9.0	11.0	84.0	23.0	4.0
1164589025	31968.0	70866.0	62812.0	68391.0	45022.0	313.0	738.0	395.0	400.0	336.0
1179630143	102.0	0.0	0.0	0.0	56.0	10.0	0.0	0.0	0.0	3.0
1199769167	11150.0	4692.0	23456.0	7899.0	18780.0	398.0	188.0	558.0	239.0	354.0
1212208092	903.0	1220.0	4988.0	0.0	1642.0	90.0	136.0	166.0	0.0	164.0
1216431741	0.0	0.0	0.0	23661.0	191965.0	0.0	0.0	0.0	153.0	299.0
1218639357	2911.0	11152.0	4964.0	3433.0	19253.0	73.0	82.0	54.0	34.0	113.0
1219957677	1362.0	3708.0	2416.0	3042.0	6030.0	136.0	232.0	345.0	190.0	116.0
1221407170	0.0	0.0	0.0	112.0	0.0	0.0	0.0	0.0	5.0	0.0
1225574955	0.0	12.0	19.0	0.0	0.0	0.0	1.0	1.0	0.0	0.0
1241909502	0.0	0.0	52.0	126.0	92.0	0.0	0.0	1.0	2.0	1.0
1242563970	119.0	329.0	0.0	126.0	425.0	2.0	2.0	0.0	2.0	3.0
1246529447	4116.0	31935.0	14528.0	14616.0	13715.0	317.0	679.0	316.0	356.0	361.0
1251186131	5181.0	23631.0	28009.0	4378.0	22161.0	140.0	202.0	359.0	109.0	270.0
1253268747	0.0	173.0	351.0	21039.0	1362.0	0.0	12.0	5.0	345.0	17.0
1262775115	3605.0	10251.0	10637.0	11304.0	16651.0	164.0	256.0	322.0	323.0	463.0
1263478891	10109.0	13727.0	9194.0	20472.0	5315.0	562.0	343.0	354.0	499.0	280.0
1277426872	494.0	990.0	56.0	302.0	50.0	31.0	66.0	9.0	38.0	5.0
1301913240	8618.0	10764.0	18935.0	2015.0	14702.0	539.0	633.0	1114.0	336.0	420.0
1354290737	11404.0	22161.0	34690.0	16586.0	28269.0	292.0	281.0	489.0	415.0	377.0
1363456275	0.0	299.0	924.0	197.0	968.0	0.0	75.0	154.0	197.0	194.0
1398025082	3529.0	5214.0	15764.0	5021.0	1382.0	392.0	401.0	1314.0	502.0	73.0
1400398511	0.0	501.0	205.0	310.0	3327.0	0.0	2.0	1.0	2.0	17.0
1401538444	0.0	0.0	1.0	0.0	2.0	0.0	0.0	0.0	0.0	1.0
1405823877	49.0	89.0	43.0	115.0	75.0	1.0	1.0	0.0	2.0	1.0
1406603113	147.0	65.0	101.0	15.0	0.0	4.0	3.0	4.0	1.0	0.0
1414132123	3886.0	5976.0	3708.0	1679.0	8636.0	555.0	460.0	185.0	187.0	227.0
1426983034	0.0	1432.0	1125.0	2597.0	4031.0	0.0	39.0	4.0	11.0	12.0
1440996140	0.0	0.0	4.0	0.0	1.0	0.0	0.0	4.0	0.0	0.0
1446001560	1180.0	11619.0	2733.0	12538.0	8850.0	118.0	415.0	273.0	330.0	167.0
1478282890	0.0	0.0	6415.0	8636.0	32988.0	0.0	0.0	189.0	288.0	452.0
1496959004	24729.0	5908.0	3038.0	4602.0	1077.0	550.0	109.0	42.0	69.0	26.0
1528394563	3447.0	3707.0	2600.0	2456.0	9948.0	63.0	185.0	43.0	40.0	106.0
1534936623	11567.0	1430.0	6821.0	7207.0	3397.0	297.0	110.0	142.0	164.0	81.0
1557392913	91.0	0.0	4136.0	8744.0	2781.0	9.0	0.0	49.0	65.0	22.0
1573021601	699.0	2034.0	3116.0	1665.0	2875.0	15.0	26.0	23.0	15.0	22.0
1574520001	66.0	157.0	257.0	272.0	336.0	2.0	3.0	3.0	4.0	3.0
1580957991	10652.0	26023.0	19779.0	19091.0	9718.0	395.0	427.0	549.0	516.0	198.0
1599441204	0.0	4666.0	13718.0	9908.0	9863.0	0.0	389.0	490.0	521.0	340.0
1603940827	124.0	1028.0	1028.0	642.0	446.0	11.0	31.0	41.0	19.0	5.0
1606263255	1508.0	5513.0	1330.0	7028.0	10176.0	215.0	197.0	66.0	370.0	424.0
1607806944	313.0	3984.0	1391.0	10887.0	756.0	4.0	20.0	11.0	60.0	3.0
1626506953	9852.0	57490.0	13506.0	27265.0	96665.0	985.0	11498.0	466.0	524.0	2014.0
1629072852	589.0	3379.0	1111.0	275.0	250.0	27.0	39.0	16.0	6.0	15.0
1639508961	3286.0	1005.0	915.0	603.0	1.0	137.0	112.0	102.0	121.0	1.0
1642893707	0.0	79732.0	1575.0	5713.0	761.0	0.0	7973.0	315.0	272.0	51.0
1644288455	2.0	1.0	3.0	0.0	0.0	2.0	1.0	1.0	0.0	0.0
1646343160	9459.0	4903.0	2091.0	7935.0	8065.0	526.0	153.0	84.0	194.0	237.0
1649211301	6489.0	11501.0	24611.0	14556.0	17013.0	240.0	500.0	559.0	485.0	436.0
1658915013	0.0	113.0	74.0	4.0	51.0	0.0	3.0	1.0	0.0	2.0
1665349605	0.0	7204.0	9875.0	4348.0	13773.0	0.0	360.0	162.0	174.0	306.0
1678980455	706.0	2219.0	6037.0	401.0	0.0	71.0	222.0	335.0	100.0	0.0
1685012970	0.0	0.0	0.0	11.0	0.0	0.0	0.0	0.0	1.0	0.0
1686001015	1790.0	10066.0	8151.0	15850.0	13219.0	163.0	325.0	281.0	495.0	472.0
1686823655	2839.0	2196.0	5591.0	2803.0	17686.0	284.0	146.0	180.0	350.0	590.0
1688801713	0.0	0.0	3912.0	8271.0	7086.0	0.0	0.0	279.0	258.0	308.0
1707256875	0.0	8189.0	2359.0	772.0	4119.0	0.0	303.0	76.0	86.0	142.0
1719139713	1633.0	1066.0	1950.0	2950.0	1362.0	51.0	38.0	44.0	69.0	26.0
1727330020	828.0	3241.0	13365.0	9891.0	15049.0	83.0	61.0	178.0	155.0	188.0
1732734883	21.0	6.0	0.0	24.0	13.0	3.0	1.0	0.0	1.0	1.0
1735616161	0.0	0.0	4.0	0.0	0.0	0.0	0.0	0.0	0.0	0.0
1736054365	3.0	11.0	51901.0	25737.0	24089.0	0.0	1.0	837.0	990.0	1204.0
1742121542	1643493.0	832640.0	815537.0	273957.0	558151.0	13148.0	6356.0	5330.0	2302.0	3342.0
1744257311	0.0	0.0	0.0	396.0	3437.0	0.0	0.0	0.0	10.0	5.0
1745271495	0.0	4.0	17.0	0.0	0.0	0.0	0.0	1.0	0.0	0.0
1745813791	607.0	0.0	0.0	0.0	3.0	14.0	0.0	0.0	0.0	0.0
1750356705	2933.0	11852.0	6497.0	17146.0	11304.0	244.0	304.0	203.0	399.0	332.0
1750762053	6206.0	1261.0	5450.0	8557.0	6887.0	621.0	158.0	218.0	259.0	246.0
1758895582	1980.0	1831.0	3182.0	17944.0	50779.0	198.0	229.0	199.0	561.0	806.0
1763716750	24.0	73.0	38.0	0.0	112.0	1.0	4.0	4.0	0.0	7.0
1766362445	0.0	2.0	0.0	2.0	34.0	0.0	1.0	0.0	0.0	1.0
1767702282	1135.0	1852.0	4153.0	2434.0	22229.0	378.0	265.0	346.0	270.0	741.0
1770005762	7044.0	4996.0	7266.0	9607.0	5698.0	294.0	217.0	316.0	480.0	300.0
1774041753	5374.0	23325.0	21595.0	5926.0	5311.0	149.0	395.0	480.0	247.0	190.0
1781457032	21449.0	3271.0	20565.0	5284.0	15156.0	766.0	136.0	411.0	294.0	379.0
1783681865	16656.0	20721.0	12249.0	17412.0	18504.0	273.0	391.0	227.0	528.0	500.0
1788940134	0.0	3095.0	20342.0	31605.0	10033.0	0.0	155.0	299.0	575.0	436.0
1792277377	0.0	0.0	0.0	884.0	378.0	0.0	0.0	0.0	295.0	5.0
1795617563	1341.0	12855.0	6632.0	7322.0	24601.0	168.0	459.0	349.0	666.0	647.0
1798050592	6.0	0.0	2.0	2006.0	426.0	2.0	0.0	1.0	45.0	3.0
1802581135	5449.0	166.0	8482.0	8088.0	19905.0	170.0	3.0	353.0	147.0	326.0
1804416382	0.0	3563.0	981.0	633.0	19.0	0.0	61.0	33.0	22.0	0.0
1805406782	28710.0	27996.0	13942.0	10853.0	29243.0	798.0	491.0	436.0	724.0	812.0
1815145485	4610.0	14602.0	4904.0	13247.0	8966.0	243.0	317.0	288.0	301.0	195.0
1820662985	862.0	2583.0	1955.0	4639.0	4941.0	123.0	172.0	140.0	387.0	215.0
1821459587	0.0	0.0	48.0	0.0	6.0	0.0	0.0	2.0	0.0	0.0
1828817187	6108.0	16245.0	175975.0	0.0	0.0	321.0	677.0	58658.0	0.0	0.0
1829767020	13902.0	21643.0	9158.0	22646.0	21897.0	316.0	442.0	235.0	390.0	487.0
1841021315	1167.0	2973.0	966.0	1763.0	3765.0	130.0	212.0	161.0	220.0	269.0
1856904492	0.0	5.0	0.0	5.0	0.0	0.0	2.0	0.0	2.0	0.0
1863424991	1.0	0.0	443.0	0.0	169.0	0.0	0.0	3.0	0.0	2.0
1868120090	38824.0	31360.0	28734.0	47104.0	95317.0	1765.0	1120.0	522.0	501.0	330.0
1881036261	1010.0	22893.0	13068.0	9828.0	25348.0	202.0	297.0	211.0	147.0	422.0
1891935794	0.0	505.0	5.0	0.0	0.0	0.0	32.0	0.0	0.0	0.0
1895944731	0.0	0.0	202372.0	156368.0	114398.0	0.0	0.0	819.0	573.0	383.0
1900433641	0.0	2.0	0.0	176.0	386.0	0.0	1.0	0.0	176.0	193.0
1901943305	0.0	74.0	28.0	0.0	0.0	0.0	74.0	28.0	0.0	0.0
1908390487	25.0	79.0	29.0	0.0	12.0	25.0	8.0	7.0	0.0	3.0
1948641401	822.0	1063.0	590.0	1308.0	2138.0	21.0	9.0	8.0	19.0	13.0
1975394685	0.0	0.0	0.0	200.0	0.0	0.0	0.0	0.0	3.0	0.0
1988247561	29.0	13362.0	9914.0	9142.0	6660.0	2.0	257.0	354.0	261.0	333.0
1988524995	0.0	2.0	5.0	1079.0	1107.0	0.0	0.0	1.0	28.0	34.0
2028754811	27.0	25.0	1.0	16.0	0.0	2.0	2.0	0.0	2.0	0.0
2041668063	0.0	0.0	0.0	8592.0	41883.0	0.0	0.0	0.0	614.0	574.0
2070047164	10826.0	9870.0	23654.0	6720.0	15989.0	338.0	366.0	676.0	198.0	485.0
2087942147	22.0	471.0	0.0	0.0	0.0	7.0	157.0	0.0	0.0	0.0
2091390311	0.0	0.0	38817.0	370736.0	427363.0	0.0	0.0	1022.0	1170.0	1250.0
2096267310	0.0	639.0	21191.0	49.0	4757.0	0.0	53.0	441.0	3.0	317.0
2112426042	23.0	16.0	0.0	8.0	3865.0	1.0	0.0	0.0	3.0	35.0
2214029370	0.0	0.0	1133.0	3654.0	3225.0	0.0	0.0	189.0	244.0	111.0
2255881441	6813.0	14521.0	9998.0	1310.0	1426.0	310.0	427.0	357.0	187.0	356.0
2307292004	0.0	0.0	0.0	98.0	0.0	0.0	0.0	0.0	1.0	0.0
2351096732	1302.0	1748.0	3258.0	2506.0	5583.0	186.0	73.0	192.0	139.0	294.0
2356612802	0.0	1328.0	854.0	0.0	0.0	0.0	190.0	142.0	0.0	0.0
2373931260	2458.0	0.0	1148.0	1732.0	286.0	614.0	0.0	191.0	216.0	72.0
2419747327	85.0	0.0	69.0	6.0	0.0	85.0	0.0	14.0	6.0	0.0
2425203201	0.0	940.0	1057.0	1978.0	3.0	0.0	118.0	176.0	494.0	0.0
2480059701	0.0	0.0	0.0	103.0	419.0	0.0	0.0	0.0	10.0	14.0
2491474340	12.0	22.0	123.0	0.0	81.0	4.0	2.0	10.0	0.0	4.0
2552721372	0.0	7610.0	11509.0	5002.0	22663.0	0.0	224.0	221.0	357.0	463.0
2648620405	735.0	9212.0	3133.0	0.0	0.0	31.0	45.0	38.0	0.0	0.0
2663455835	12760.0	11348.0	13212.0	21495.0	20040.0	412.0	420.0	440.0	693.0	589.0
2768561720	5.0	0.0	0.0	0.0	0.0	0.0	0.0	0.0	0.0	0.0
2772471805	0.0	523.0	704.0	271.0	0.0	0.0	13.0	20.0	6.0	0.0
2790630063	0.0	0.0	0.0	0.0	1.0	0.0	0.0	0.0	0.0	0.0
2792163900	0.0	3.0	0.0	33.0	611.0	0.0	0.0	0.0	1.0	4.0
2810445594	10143.0	28259.0	25308.0	39362.0	34991.0	507.0	856.0	844.0	1312.0	1400.0
2828579552	20512.0	94852.0	58445.0	34129.0	58335.0	427.0	958.0	370.0	632.0	768.0
2866869562	72.0	26.0	45.0	8.0	11.0	24.0	4.0	2.0	4.0	1.0
2903316485	46657.0	41294.0	102097.0	25313.0	32165.0	778.0	365.0	378.0	151.0	165.0
2949327571	31994.0	21148.0	10641.0	30088.0	167.0	416.0	325.0	322.0	528.0	4.0
3192229484	75.0	683.0	256.0	0.0	0.0	6.0	17.0	23.0	0.0	0.0
3226109541	308.0	581.0	356.0	929.0	1089.0	11.0	24.0	13.0	52.0	28.0
3621181800	81.0	0.0	0.0	0.0	0.0	27.0	0.0	0.0	0.0	0.0
3628368925	5.0	0.0	658.0	1464.0	3798.0	0.0	0.0	9.0	15.0	14.0
3945917804	0.0	0.0	23747.0	52948.0	107529.0	0.0	0.0	402.0	514.0	156.0
3946154755	0.0	5840.0	24192.0	27613.0	110417.0	0.0	91.0	209.0	99.0	294.0
5203214787	0.0	0.0	0.0	0.0	58.0	0.0	0.0	0.0	0.0	2.0
5251237195	237.0	817.0	519.0	500.0	1051.0	24.0	26.0	17.0	15.0	28.0
5385519765	0.0	1.0	13.0	85.0	5097.0	0.0	0.0	2.0	21.0	37.0
5394437071	584.0	986.0	573.0	398.0	690.0	9.0	14.0	12.0	10.0	25.0
5477320351	5084.0	79814.0	76840.0	164876.0	149098.0	508.0	700.0	739.0	467.0	502.0
5489650843	409.0	0.0	0.0	0.0	0.0	409.0	0.0	0.0	0.0	0.0
5545500611	37.0	393.0	4.0	75.0	297.0	7.0	79.0	1.0	2.0	13.0
5616936990	0.0	0.0	0.0	0.0	21.0	0.0	0.0	0.0	0.0	1.0
5628495345	3046.0	50526.0	21890.0	48218.0	14644.0	90.0	366.0	123.0	438.0	63.0
5666611316	0.0	0.0	1.0	179.0	0.0	0.0	0.0	0.0	1.0	0.0
5669302379	0.0	7.0	0.0	7.0	33.0	0.0	7.0	0.0	2.0	5.0
5751949769	0.0	0.0	0.0	4344.0	23131.0	0.0	0.0	0.0	29.0	37.0
5884263636	0.0	10.0	0.0	112.0	928.0	0.0	1.0	0.0	2.0	4.0
5990978953	0.0	0.0	715.0	0.0	0.0	0.0	0.0	79.0	0.0	0.0
6034165476	0.0	0.0	0.0	798.0	50.0	0.0	0.0	0.0	42.0	4.0
6069858822	0.0	0.0	0.0	0.0	10.0	0.0	0.0	0.0	0.0	0.0
6085757704	0.0	0.0	0.0	0.0	73.0	0.0	0.0	0.0	0.0	1.0
6085757710	0.0	0.0	0.0	0.0	50.0	0.0	0.0	0.0	0.0	1.0
6086152985	0.0	0.0	0.0	0.0	220.0	0.0	0.0	0.0	0.0	1.0
