user_id	tot_5	tot_4	tot_3	tot_2	tot_1	avg5	avg4	avg3	avg2	avg1
1002326754	0.0	0.0	0.0	0.0	1326.0	0.0	0.0	0.0	0.0	6.0
1004853823	0.0	0.0	4847.0	10977.0	21654.0	0.0	0.0	48.0	50.0	45.0
1005570772	6178.0	3001.0	1029.0	61678.0	70660.0	363.0	250.0	114.0	211.0	185.0
1006205227	0.0	659.0	7258.0	18243.0	45777.0	0.0	23.0	71.0	100.0	93.0
1011269330	0.0	34762.0	139923.0	111319.0	189992.0	0.0	1159.0	1590.0	3373.0	4130.0
1013011303	19162.0	20671.0	8292.0	7974.0	5482.0	202.0	118.0	151.0	148.0	171.0
1027145634	2353.0	0.0	784.0	2903.0	0.0	214.0	0.0	157.0	207.0	0.0
1054009064	56704.0	23471.0	66713.0	79439.0	194551.0	1575.0	1020.0	1483.0	4181.0	6276.0
1054096047	3691.0	12591.0	13369.0	5159.0	8236.0	185.0	206.0	176.0	126.0	93.0
1066995495	30263.0	4324.0	84341.0	4941.0	65730.0	2162.0	480.0	2811.0	353.0	2348.0
1069384980	158041.0	127221.0	138571.0	173466.0	178901.0	7526.0	4544.0	8151.0	3614.0	3806.0
1083535803	85.0	328.0	1753.0	5020.0	17481.0	28.0	36.0	67.0	23.0	36.0
1086782701	3449.0	11584.0	9817.0	3738.0	6382.0	138.0	305.0	245.0	178.0	110.0
1098618600	0.0	79562.0	125668.0	132906.0	714759.0	0.0	1187.0	1632.0	1136.0	1256.0
1109018731	63.0	0.0	2369.0	681.0	4494.0	16.0	0.0	66.0	85.0	88.0
1109564533	0.0	1018.0	1929.0	1753.0	3311.0	0.0	51.0	55.0	50.0	36.0
1132833700	0.0	617.0	1415.0	2098.0	2190.0	0.0	77.0	44.0	72.0	55.0
1133946402	10093.0	11976.0	12457.0	10828.0	22626.0	174.0	176.0	160.0	141.0	184.0
1141154105	210.0	509.0	820.0	430.0	1057.0	21.0	28.0	46.0	43.0	24.0
1142208455	15935.0	62586.0	49984.0	24044.0	27280.0	173.0	241.0	284.0	221.0	255.0
1143605707	414.0	1385.0	1374.0	1055.0	2783.0	8.0	20.0	16.0	11.0	15.0
1149816777	0.0	0.0	0.0	173.0	237.0	0.0	0.0	0.0	9.0	4.0
1159402801	0.0	0.0	854.0	1830.0	1913.0	0.0	0.0	37.0	31.0	27.0
1162860657	0.0	0.0	6.0	69.0	230.0	0.0	0.0	1.0	2.0	2.0
1168716090	87488.0	78968.0	72341.0	105954.0	64584.0	14581.0	7897.0	9043.0	10595.0	5382.0
1185441660	0.0	0.0	1834.0	2188.0	23261.0	0.0	0.0	27.0	35.0	34.0
1191224527	0.0	716.0	608.0	760.0	1728.0	0.0	55.0	61.0	76.0	64.0
1211113332	27149.0	53906.0	51266.0	19451.0	43383.0	357.0	438.0	442.0	360.0	510.0
1215131765	0.0	1321.0	475.0	1571.0	2475.0	0.0	110.0	95.0	196.0	130.0
1216388157	7970.0	9817.0	1903.0	0.0	1751.0	1594.0	1963.0	476.0	0.0	195.0
1218042552	30935.0	178574.0	140211.0	115877.0	12749.0	246.0	682.0	719.0	1035.0	1062.0
1218957517	17511.0	13558.0	11238.0	17187.0	20748.0	278.0	282.0	288.0	205.0	184.0
1219310523	0.0	161.0	983.0	1316.0	1476.0	0.0	6.0	10.0	5.0	4.0
1227493664	1117.0	1516.0	467.0	1597.0	1896.0	21.0	28.0	23.0	47.0	27.0
1228977142	0.0	3078.0	4333.0	4268.0	5688.0	0.0	63.0	28.0	25.0	24.0
1229448154	8294.0	15409.0	6979.0	6382.0	11816.0	461.0	376.0	303.0	336.0	295.0
1236462225	9197.0	80030.0	113793.0	43646.0	59558.0	3066.0	4708.0	5172.0	3968.0	4963.0
1242290512	0.0	712.0	18361.0	6071.0	10185.0	0.0	142.0	141.0	117.0	101.0
1244062551	0.0	0.0	0.0	0.0	623.0	0.0	0.0	0.0	0.0	10.0
1245360814	0.0	232.0	995.0	1635.0	1570.0	0.0	8.0	4.0	7.0	5.0
1246557331	4860.0	7840.0	4385.0	3167.0	19017.0	180.0	253.0	231.0	151.0	543.0
1246792191	30586.0	36999.0	25357.0	45540.0	27009.0	1092.0	822.0	792.0	1012.0	750.0
1250041105	4229.0	5484.0	5438.0	4174.0	5405.0	264.0	189.0	272.0	278.0	270.0
1252397723	150355.0	58088.0	132477.0	169552.0	87081.0	10024.0	8298.0	13248.0	12111.0	17416.0
1254926960	36103.0	35901.0	70333.0	44589.0	27791.0	254.0	329.0	355.0	246.0	194.0
1256947091	0.0	0.0	459.0	3101.0	5808.0	0.0	0.0	9.0	10.0	12.0
1268642527	748.0	784.0	826.0	7577.0	10898.0	75.0	44.0	39.0	29.0	26.0
1271958597	249.0	224.0	3826.0	6078.0	4493.0	28.0	22.0	40.0	33.0	14.0
1276094724	0.0	369.0	1790.0	1974.0	450.0	0.0	9.0	24.0	17.0	9.0
1280981624	72803.0	67168.0	0.0	0.0	14617.0	1693.0	1371.0	0.0	0.0	974.0
1283022704	0.0	3284.0	6703.0	13922.0	49839.0	0.0	109.0	76.0	80.0	118.0
1283658605	3915.0	2060.0	3044.0	991.0	1871.0	36.0	32.0	38.0	18.0	19.0
1285478591	2379.0	1687.0	6159.0	11642.0	16915.0	238.0	169.0	137.0	153.0	157.0
1286189071	0.0	9477.0	498239.0	307504.0	458208.0	0.0	948.0	1832.0	1507.0	1497.0
1286659964	0.0	1543.0	35134.0	31380.0	18169.0	0.0	119.0	167.0	121.0	72.0
1286891293	0.0	0.0	3335.0	10448.0	11456.0	0.0	0.0	30.0	34.0	25.0
1288056483	0.0	0.0	0.0	153.0	295.0	0.0	0.0	0.0	5.0	3.0
1290700430	3837.0	1488.0	3074.0	2410.0	4323.0	167.0	106.0	81.0	83.0	111.0
1291021104	7521.0	24306.0	32339.0	26038.0	41796.0	396.0	386.0	399.0	521.0	871.0
1299532580	52792.0	54095.0	76648.0	31956.0	60134.0	1123.0	1387.0	1050.0	819.0	847.0
1301043494	0.0	0.0	0.0	0.0	31.0	0.0	0.0	0.0	0.0	10.0
1301890202	4709.0	4778.0	5437.0	5725.0	23351.0	235.0	239.0	227.0	136.0	220.0
1305807567	26409.0	10900.0	12143.0	7234.0	11529.0	326.0	363.0	304.0	301.0	245.0
1306484861	14355.0	65330.0	81306.0	124976.0	215433.0	368.0	535.0	678.0	781.0	917.0
1326398921	0.0	333.0	109.0	103.0	97.0	0.0	48.0	16.0	11.0	8.0
1339315757	31252.0	20775.0	26437.0	16871.0	42249.0	1359.0	407.0	508.0	359.0	384.0
1344280113	107.0	1393.0	3562.0	3164.0	5334.0	11.0	16.0	22.0	15.0	25.0
1349541437	340.0	285.0	877.0	1557.0	7952.0	6.0	11.0	16.0	20.0	13.0
1353509550	74.0	0.0	0.0	4169.0	16286.0	9.0	0.0	0.0	47.0	73.0
1391916660	3029.0	10354.0	4152.0	6609.0	7371.0	101.0	120.0	68.0	60.0	42.0
1396626753	0.0	1016.0	4846.0	1706.0	2533.0	0.0	113.0	55.0	40.0	44.0
1400434093	0.0	0.0	0.0	66.0	3146.0	0.0	0.0	0.0	11.0	11.0
1400776392	8749.0	18428.0	18282.0	19231.0	29262.0	365.0	267.0	339.0	243.0	149.0
1400831884	0.0	6040.0	5064.0	5261.0	10745.0	0.0	195.0	163.0	138.0	111.0
1404214752	19876.0	36229.0	46523.0	14786.0	76945.0	663.0	518.0	456.0	411.0	447.0
1404428062	0.0	0.0	6001.0	5865.0	210799.0	0.0	0.0	120.0	202.0	271.0
1405236892	4582.0	5178.0	4877.0	5360.0	3852.0	30.0	27.0	31.0	33.0	20.0
1407940677	0.0	2289.0	3847.0	3089.0	4541.0	0.0	23.0	44.0	51.0	66.0
1411163204	0.0	1635.0	2850.0	18697.0	39136.0	0.0	82.0	71.0	78.0	87.0
1412779214	7865.0	13547.0	14715.0	8648.0	19094.0	95.0	76.0	91.0	85.0	99.0
1412922410	8322.0	6725.0	2837.0	2076.0	3354.0	416.0	280.0	405.0	231.0	140.0
1417037145	12138.0	5931.0	11724.0	19677.0	22143.0	486.0	330.0	317.0	317.0	403.0
1418058457	0.0	0.0	0.0	0.0	29235.0	0.0	0.0	0.0	0.0	28.0
1419364883	0.0	3655.0	24056.0	23652.0	19777.0	0.0	70.0	116.0	88.0	85.0
1420174783	80070.0	186437.0	165009.0	87533.0	126587.0	1251.0	914.0	994.0	695.0	855.0
1421067881	746.0	0.0	613.0	4463.0	6414.0	83.0	0.0	61.0	95.0	63.0
1442720613	2528.0	18326.0	23663.0	16770.0	21249.0	115.0	117.0	138.0	110.0	120.0
1452415622	0.0	176.0	273.0	89.0	306.0	0.0	4.0	6.0	6.0	7.0
1454064140	37344.0	53182.0	58875.0	67897.0	103111.0	3734.0	5318.0	4205.0	3574.0	2343.0
1455039933	1204.0	57.0	12.0	154.0	569.0	63.0	6.0	4.0	5.0	13.0
1472934365	208.0	524.0	621.0	615.0	339.0	3.0	16.0	9.0	8.0	5.0
1492602474	977.0	394.0	666.0	219.0	290.0	30.0	13.0	23.0	44.0	15.0
1496825941	0.0	18623.0	21523.0	9578.0	8101.0	0.0	116.0	89.0	92.0	85.0
1496863785	0.0	0.0	3203.0	4220.0	18950.0	0.0	0.0	44.0	36.0	32.0
1496878501	7544.0	20383.0	20504.0	11392.0	26546.0	193.0	425.0	297.0	345.0	168.0
1496913734	0.0	0.0	6427.0	25746.0	47353.0	0.0	0.0	77.0	113.0	100.0
1496975384	86.0	5153.0	6795.0	7368.0	6080.0	86.0	81.0	61.0	35.0	58.0
1498124904	224.0	241.0	851.0	1186.0	1587.0	11.0	13.0	12.0	9.0	9.0
1506088515	2346.0	105056.0	83354.0	102595.0	61963.0	2346.0	4202.0	5557.0	3946.0	2951.0
1506701434	55.0	0.0	0.0	42.0	28679.0	55.0	0.0	0.0	42.0	34.0
1528274033	67909.0	55425.0	41021.0	21114.0	101562.0	930.0	1205.0	1172.0	1111.0	1562.0
1534939700	0.0	1707.0	27733.0	5714.0	13683.0	0.0	42.0	113.0	29.0	58.0
1541940220	0.0	8841.0	8732.0	1283.0	3067.0	0.0	87.0	76.0	92.0	71.0
1547596314	1475.0	7355.0	4508.0	4387.0	7629.0	134.0	160.0	125.0	137.0	238.0
1557303822	1007.0	1812.0	1946.0	5561.0	3993.0	23.0	34.0	36.0	126.0	68.0
1558148043	0.0	0.0	0.0	0.0	283210.0	0.0	0.0	0.0	0.0	256.0
1559236912	0.0	21224.0	30801.0	8195.0	7294.0	0.0	1633.0	2053.0	8195.0	7294.0
1560021134	26220.0	61456.0	56820.0	55673.0	139095.0	452.0	368.0	389.0	464.0	1350.0
1563926367	65665.0	0.0	294383.0	121700.0	32945.0	21888.0	0.0	58877.0	40567.0	16472.0
1568746614	306.0	46.0	88.0	21.0	387.0	51.0	15.0	44.0	21.0	35.0
1575326970	2730.0	14543.0	10932.0	18279.0	61987.0	67.0	71.0	72.0	177.0	484.0
1576284783	35858.0	44523.0	36819.0	53561.0	38055.0	138.0	408.0	657.0	443.0	529.0
1587060020	0.0	30.0	644.0	224.0	17.0	0.0	5.0	12.0	15.0	4.0
1589698103	3637.0	21220.0	19447.0	16544.0	30446.0	83.0	119.0	137.0	133.0	137.0
1590956147	31885.0	53517.0	69892.0	102632.0	112383.0	380.0	601.0	896.0	933.0	1041.0
1591116392	0.0	0.0	0.0	1.0	1.0	0.0	0.0	0.0	0.0	0.0
1594646223	374.0	742.0	2788.0	2219.0	1086.0	18.0	24.0	44.0	45.0	17.0
1596630867	0.0	7.0	9.0	2.0	0.0	0.0	1.0	1.0	1.0	0.0
1606370777	1127.0	2691.0	2442.0	2217.0	1864.0	27.0	31.0	27.0	24.0	21.0
1607812347	18548.0	39442.0	18131.0	11770.0	12288.0	309.0	243.0	129.0	106.0	105.0
1610025682	0.0	30.0	70.0	896.0	1756.0	0.0	5.0	5.0	14.0	20.0
1613005690	0.0	0.0	0.0	0.0	12575.0	0.0	0.0	0.0	0.0	58.0
1614747181	62.0	14103.0	34635.0	24505.0	17240.0	12.0	522.0	693.0	395.0	345.0
1616772137	0.0	7598.0	12625.0	9735.0	14340.0	0.0	97.0	85.0	55.0	51.0
1619699251	1637.0	2536.0	1242.0	188.0	1711.0	38.0	30.0	69.0	21.0	81.0
1619766521	11251.0	5128.0	7482.0	3018.0	5635.0	865.0	427.0	312.0	252.0	194.0
1621567465	20150.0	19863.0	41099.0	32705.0	35034.0	169.0	168.0	428.0	242.0	194.0
1621894121	4022.0	10636.0	6033.0	5578.0	3139.0	87.0	150.0	91.0	98.0	60.0
1622687475	107.0	1460.0	1208.0	1027.0	1673.0	11.0	13.0	9.0	9.0	8.0
1622754134	19230.0	18595.0	4431.0	5003.0	25304.0	1012.0	517.0	295.0	263.0	460.0
1626002531	22003.0	76620.0	45050.0	14306.0	32895.0	386.0	491.0	484.0	286.0	276.0
1626297211	106187.0	179041.0	277217.0	152926.0	292392.0	3034.0	3197.0	5331.0	3823.0	3899.0
1634375627	9901.0	37608.0	30087.0	42778.0	28902.0	582.0	784.0	640.0	1188.0	803.0
1635279123	0.0	0.0	0.0	0.0	12.0	0.0	0.0	0.0	0.0	4.0
1639132981	2769.0	1550.0	817.0	422.0	3011.0	120.0	91.0	82.0	84.0	49.0
1640766861	41651.0	61761.0	155605.0	165353.0	140763.0	771.0	846.0	1197.0	1590.0	1066.0
1642413147	2.0	50.0	323.0	1026.0	1061.0	0.0	1.0	2.0	5.0	4.0
1642624462	153.0	3921.0	9431.0	4814.0	1822.0	17.0	34.0	72.0	38.0	26.0
1644587232	0.0	3490.0	17905.0	25391.0	43417.0	0.0	89.0	110.0	108.0	114.0
1647161640	6497.0	23628.0	7192.0	1355.0	8702.0	342.0	675.0	423.0	226.0	435.0
1647263235	926.0	1499.0	10901.0	13479.0	13799.0	49.0	37.0	66.0	44.0	68.0
1647415197	14989.0	43655.0	40041.0	35135.0	32228.0	625.0	682.0	636.0	616.0	384.0
1649155730	0.0	849.0	9270.0	4688.0	40129.0	0.0	85.0	99.0	50.0	67.0
1652194081	2668.0	14707.0	5567.0	5248.0	6539.0	54.0	64.0	70.0	56.0	40.0
1652707015	273154.0	81007.0	97764.0	62361.0	49853.0	2221.0	953.0	889.0	462.0	665.0
1653957693	0.0	0.0	31190.0	132674.0	314595.0	0.0	0.0	258.0	506.0	745.0
1655370347	75270.0	39298.0	6643.0	8086.0	5424.0	691.0	538.0	415.0	299.0	226.0
1655488792	1.0	7.0	34.0	40.0	126.0	1.0	0.0	1.0	1.0	4.0
1655507255	0.0	0.0	0.0	653.0	7975.0	0.0	0.0	0.0	11.0	55.0
1655524143	0.0	0.0	36165.0	25715.0	118737.0	0.0	0.0	393.0	173.0	192.0
1655665171	22307.0	9901.0	10875.0	3860.0	15762.0	1716.0	1238.0	1208.0	1287.0	1212.0
1657421782	0.0	0.0	0.0	0.0	82762.0	0.0	0.0	0.0	0.0	327.0
1657764041	623.0	9521.0	11064.0	15053.0	18440.0	62.0	140.0	138.0	118.0	114.0
1658537731	0.0	4201.0	3989.0	6034.0	8429.0	0.0	34.0	31.0	29.0	33.0
1658895001	31564.0	139895.0	45690.0	25326.0	22204.0	478.0	522.0	186.0	173.0	187.0
1658988854	2580.0	14306.0	11770.0	18007.0	16210.0	86.0	85.0	51.0	59.0	53.0
1660815495	0.0	0.0	75913.0	86652.0	174677.0	0.0	0.0	524.0	313.0	596.0
1660956507	0.0	0.0	29635.0	18647.0	31677.0	0.0	0.0	119.0	93.0	113.0
1662475182	644.0	369.0	401.0	623.0	472.0	12.0	17.0	20.0	19.0	6.0
1667918954	40.0	52.0	157.0	82.0	275.0	0.0	0.0	1.0	1.0	1.0
1668368147	813.0	695.0	4351.0	1654.0	1270.0	19.0	11.0	58.0	31.0	12.0
1669024582	0.0	164.0	95.0	61.0	39.0	0.0	23.0	9.0	20.0	20.0
1670645393	0.0	3797.0	3466.0	2812.0	2511.0	0.0	21.0	18.0	17.0	14.0
1671194705	4249.0	6260.0	516190.0	122582.0	367137.0	1062.0	894.0	13584.0	9429.0	8538.0
1671890613	2538.0	8918.0	6900.0	24621.0	69089.0	134.0	95.0	164.0	116.0	149.0
1672418622	50068.0	231479.0	318320.0	261706.0	337614.0	1726.0	1429.0	1809.0	1615.0	1615.0
1674427277	5901.0	3482.0	4681.0	3032.0	9301.0	76.0	46.0	51.0	49.0	56.0
1676341525	315064.0	291209.0	38990.0	63270.0	88892.0	1270.0	1449.0	557.0	832.0	871.0
1677574270	10566.0	8102.0	18611.0	17329.0	19093.0	89.0	78.0	116.0	70.0	102.0
1678613514	24778.0	40061.0	84420.0	118074.0	97657.0	1652.0	1742.0	1919.0	2187.0	2790.0
1679113281	598.0	1706.0	2291.0	4228.0	1239.0	10.0	11.0	13.0	21.0	10.0
1680599832	0.0	0.0	10515.0	32880.0	56950.0	0.0	0.0	94.0	133.0	127.0
1682454721	5018.0	40508.0	55584.0	7496.0	60159.0	173.0	1929.0	1425.0	577.0	1203.0
1683010871	0.0	0.0	0.0	0.0	156517.0	0.0	0.0	0.0	0.0	188.0
1683969397	0.0	0.0	0.0	3.0	0.0	0.0	0.0	0.0	1.0	0.0
1684388950	40854.0	0.0	26590.0	1779.0	0.0	1634.0	0.0	1564.0	1779.0	0.0
1684836114	0.0	0.0	0.0	446.0	5825.0	0.0	0.0	0.0	4.0	9.0
1685188223	5873.0	46567.0	93719.0	48440.0	76851.0	653.0	763.0	1143.0	629.0	818.0
1686815607	0.0	0.0	12778.0	7766.0	498976.0	0.0	0.0	673.0	777.0	588.0
1687442081	81343.0	77477.0	54186.0	35464.0	68132.0	813.0	506.0	516.0	739.0	545.0
1687486981	7703.0	5641.0	18312.0	12192.0	62774.0	63.0	64.0	114.0	124.0	267.0
1687505121	3645.0	7813.0	6117.0	3903.0	2593.0	46.0	82.0	86.0	60.0	46.0
1688537010	6081.0	5179.0	829.0	87.0	0.0	20.0	17.0	29.0	44.0	0.0
1691380954	10654.0	21317.0	36411.0	43836.0	28778.0	148.0	127.0	131.0	147.0	125.0
1694870611	6.0	0.0	1.0	0.0	5.0	1.0	0.0	0.0	0.0	0.0
1695958733	23683.0	195574.0	158927.0	172152.0	310131.0	1480.0	1377.0	1119.0	1187.0	1513.0
1698255955	346.0	0.0	659.0	276.0	688.0	31.0	0.0	35.0	34.0	25.0
1700651435	0.0	19.0	273.0	400.0	223.0	0.0	5.0	11.0	5.0	2.0
1703827633	0.0	0.0	0.0	1.0	82.0	0.0	0.0	0.0	0.0	41.0
1703924001	0.0	883.0	11443.0	21707.0	2609.0	0.0	12.0	67.0	192.0	75.0
1707427294	1163.0	12960.0	5698.0	1106.0	4131.0	26.0	33.0	40.0	24.0	68.0
1711646255	0.0	186.0	229.0	9476.0	2012.0	0.0	7.0	4.0	20.0	9.0
1713066300	17602.0	43053.0	23790.0	1760.0	1705.0	212.0	110.0	152.0	59.0	66.0
1714810430	0.0	0.0	9257.0	173.0	93014.0	0.0	0.0	289.0	86.0	114.0
1717421891	10921.0	28465.0	27254.0	49855.0	44334.0	223.0	195.0	359.0	462.0	360.0
1717871843	10566.0	9314.0	5105.0	5221.0	13090.0	78.0	43.0	39.0	47.0	70.0
1718328651	3713.0	11672.0	5526.0	5429.0	9333.0	371.0	449.0	240.0	319.0	267.0
1718836754	0.0	0.0	1801.0	2269.0	17273.0	0.0	0.0	120.0	189.0	1016.0
1720133422	16735.0	144573.0	40219.0	78068.0	144579.0	3347.0	6286.0	5027.0	4337.0	4252.0
1721449743	0.0	0.0	14746.0	20495.0	38581.0	0.0	0.0	92.0	96.0	114.0
1721825977	0.0	0.0	0.0	978.0	0.0	0.0	0.0	0.0	978.0	0.0
1723559567	0.0	0.0	238.0	0.0	82209.0	0.0	0.0	24.0	0.0	94.0
1725116507	55.0	48.0	158.0	332.0	55.0	2.0	10.0	18.0	166.0	18.0
1726998993	0.0	0.0	0.0	0.0	13088.0	0.0	0.0	0.0	0.0	51.0
1727006174	129305.0	42679.0	27686.0	10741.0	124935.0	1930.0	1524.0	1457.0	511.0	1922.0
1728085193	3514.0	0.0	3611.0	3360.0	17639.0	234.0	0.0	201.0	210.0	410.0
1729012204	0.0	0.0	26577.0	85068.0	118244.0	0.0	0.0	292.0	516.0	626.0
1729908110	106.0	15579.0	31975.0	23175.0	17591.0	53.0	133.0	153.0	128.0	77.0
1730714982	0.0	0.0	4092.0	15553.0	61896.0	0.0	0.0	93.0	91.0	117.0
1732475425	0.0	0.0	0.0	0.0	9.0	0.0	0.0	0.0	0.0	1.0
1732756857	2925.0	25.0	3275.0	2978.0	7326.0	154.0	25.0	84.0	71.0	188.0
1733443650	0.0	5904.0	13031.0	46213.0	116754.0	0.0	190.0	266.0	243.0	239.0
1733672487	4590.0	6140.0	11057.0	6026.0	2801.0	107.0	219.0	270.0	71.0	47.0
1733770795	442.0	4300.0	10914.0	11355.0	12345.0	22.0	90.0	45.0	41.0	69.0
1737847545	1849.0	11242.0	8212.0	7783.0	8977.0	43.0	64.0	49.0	47.0	38.0
1738041392	0.0	112001.0	234592.0	106846.0	85878.0	0.0	593.0	2076.0	722.0	351.0
1738283175	33027.0	31409.0	5482.0	13891.0	5313.0	220.0	260.0	131.0	248.0	32.0
1738605643	0.0	0.0	2.0	2.0	1.0	0.0	0.0	2.0	2.0	0.0
1739037923	348.0	250.0	3928.0	1163.0	3451.0	35.0	25.0	53.0	48.0	47.0
1739049744	17076.0	24694.0	12062.0	26148.0	30486.0	474.0	457.0	482.0	556.0	565.0
1742693175	16525.0	36032.0	40143.0	25128.0	30018.0	330.0	257.0	283.0	314.0	270.0
1742703365	13950.0	13181.0	19289.0	43419.0	38511.0	221.0	321.0	344.0	804.0	443.0
1742942263	0.0	28195.0	20521.0	25721.0	84412.0	0.0	328.0	250.0	310.0	594.0
1743140002	81.0	0.0	1208.0	1616.0	2854.0	81.0	0.0	134.0	108.0	159.0
1743527427	18899.0	84282.0	33546.0	97924.0	104122.0	2100.0	2554.0	3355.0	3060.0	3471.0
1743734335	0.0	7.0	10.0	6.0	2.0	0.0	1.0	1.0	1.0	0.0
1744093477	0.0	0.0	3047.0	8762.0	5700.0	0.0	0.0	31.0	45.0	12.0
1744691061	338.0	0.0	0.0	0.0	1.0	2.0	0.0	0.0	0.0	1.0
1745573472	13268.0	26208.0	28493.0	40161.0	34448.0	510.0	708.0	380.0	515.0	387.0
1745746033	8920.0	97555.0	51184.0	49454.0	132727.0	357.0	1501.0	1137.0	1499.0	1981.0
1747790171	9152.0	9464.0	86158.0	42301.0	66508.0	135.0	106.0	337.0	276.0	358.0
1748631042	1059.0	699.0	432.0	0.0	195.0	8.0	15.0	15.0	0.0	6.0
1748852693	43100.0	58279.0	98013.0	28631.0	134003.0	3079.0	1534.0	2800.0	636.0	1634.0
1749205637	737.0	6873.0	9884.0	7647.0	17982.0	92.0	66.0	59.0	48.0	65.0
1749254813	76048.0	147520.0	282917.0	87033.0	74576.0	25349.0	24587.0	12301.0	14506.0	7458.0
1750016637	7495.0	19940.0	22792.0	20304.0	23477.0	103.0	109.0	126.0	180.0	152.0
1750270991	37707.0	103063.0	143565.0	162942.0	210385.0	711.0	873.0	865.0	886.0	716.0
1750529573	0.0	3345.0	3558.0	5163.0	4591.0	0.0	24.0	29.0	23.0	13.0
1750796960	0.0	0.0	0.0	0.0	316983.0	0.0	0.0	0.0	0.0	379.0
1751854682	0.0	0.0	3.0	0.0	0.0	0.0	0.0	0.0	0.0	0.0
1752162633	0.0	0.0	8212.0	2772.0	42467.0	0.0	0.0	147.0	60.0	64.0
1752202132	7668.0	125758.0	116940.0	68619.0	101093.0	1534.0	695.0	726.0	746.0	738.0
1756667731	4275.0	47734.0	99634.0	134647.0	173956.0	428.0	513.0	560.0	580.0	728.0
1756807885	0.0	0.0	0.0	0.0	277464.0	0.0	0.0	0.0	0.0	350.0
1758476561	0.0	2160.0	3812.0	9032.0	4901.0	0.0	31.0	25.0	36.0	20.0
1758486721	3126.0	6437.0	3556.0	7734.0	2614.0	26.0	150.0	73.0	51.0	34.0
1760672962	0.0	0.0	6994.0	11022.0	8261.0	0.0	0.0	466.0	367.0	123.0
1761326072	296.0	215.0	1924.0	3757.0	1982.0	17.0	31.0	47.0	64.0	48.0
1762211555	0.0	8886.0	240.0	4376.0	1507.0	0.0	592.0	13.0	199.0	66.0
1762696131	0.0	9059.0	20394.0	23122.0	41667.0	0.0	109.0	121.0	110.0	170.0
1763493560	0.0	0.0	374.0	0.0	56747.0	0.0	0.0	37.0	0.0	73.0
1764226841	0.0	0.0	2650.0	6514.0	202.0	0.0	0.0	80.0	62.0	101.0
1764591442	0.0	1716.0	14963.0	12357.0	7670.0	0.0	57.0	113.0	107.0	52.0
1764822552	3837.0	12977.0	11732.0	16249.0	22066.0	320.0	309.0	533.0	451.0	269.0
1766499067	0.0	0.0	0.0	0.0	14.0	0.0	0.0	0.0	0.0	0.0
1767899742	0.0	0.0	1658.0	2465.0	2389.0	0.0	0.0	19.0	8.0	7.0
1768227670	5230.0	37568.0	58099.0	45411.0	33850.0	262.0	3757.0	1937.0	561.0	275.0
1770818961	0.0	0.0	0.0	631.0	48119.0	0.0	0.0	0.0	15.0	106.0
1771295435	32483.0	20048.0	39421.0	38024.0	63627.0	551.0	743.0	626.0	731.0	1414.0
1771841343	45687.0	79197.0	23596.0	17177.0	6761.0	1235.0	1886.0	1073.0	904.0	615.0
1772440677	474.0	1528.0	2502.0	3320.0	5095.0	28.0	16.0	18.0	20.0	17.0
1773129131	663.0	344.0	68.0	260.0	256.0	25.0	20.0	34.0	29.0	16.0
1773967712	0.0	11.0	613.0	1923.0	2615.0	0.0	11.0	6.0	8.0	6.0
1774139105	2069.0	5207.0	5528.0	1982.0	2987.0	69.0	45.0	37.0	24.0	18.0
1774168531	0.0	0.0	19329.0	8133.0	141985.0	0.0	0.0	135.0	189.0	194.0
1774501890	0.0	304.0	2890.0	11677.0	18416.0	0.0	13.0	30.0	47.0	47.0
1774676624	0.0	0.0	163576.0	217043.0	550932.0	0.0	0.0	1194.0	1457.0	1306.0
1774698101	3905.0	13793.0	28776.0	21967.0	29228.0	100.0	105.0	152.0	108.0	178.0
1774860981	0.0	2030.0	14372.0	44024.0	55150.0	0.0	102.0	113.0	192.0	135.0
1775019491	0.0	0.0	6240.0	12059.0	39562.0	0.0	0.0	65.0	62.0	80.0
1775979645	0.0	0.0	0.0	1807.0	173962.0	0.0	0.0	0.0	129.0	194.0
1776099801	109.0	85.0	240.0	713.0	576.0	4.0	4.0	5.0	6.0	7.0
1776173037	58060.0	56593.0	0.0	0.0	47966.0	6451.0	9432.0	0.0	0.0	4797.0
1776266241	0.0	0.0	0.0	4055.0	106175.0	0.0	0.0	0.0	51.0	151.0
1776707927	0.0	0.0	17.0	8.0	0.0	0.0	0.0	2.0	4.0	0.0
1776788973	0.0	0.0	22705.0	112697.0	187841.0	0.0	0.0	445.0	407.0	416.0
1778181861	0.0	0.0	3992.0	63803.0	296074.0	0.0	0.0	570.0	456.0	467.0
1781188483	0.0	0.0	0.0	0.0	160096.0	0.0	0.0	0.0	0.0	178.0
1783982957	3479.0	5801.0	4234.0	6999.0	10293.0	54.0	54.0	61.0	62.0	76.0
1784871365	0.0	0.0	0.0	0.0	50185.0	0.0	0.0	0.0	0.0	62.0
1787086511	0.0	0.0	0.0	10.0	1115.0	0.0	0.0	0.0	2.0	28.0
1789501184	0.0	0.0	627.0	494.0	4803.0	0.0	0.0	33.0	6.0	6.0
1794572275	150209.0	69237.0	44067.0	21492.0	57195.0	4845.0	6924.0	3390.0	3582.0	2860.0
1795509335	3012.0	22731.0	31235.0	18183.0	21755.0	232.0	1082.0	548.0	350.0	363.0
1796118884	0.0	0.0	5232.0	8608.0	149547.0	0.0	0.0	111.0	72.0	222.0
1796790562	0.0	0.0	7501.0	50323.0	128259.0	0.0	0.0	203.0	192.0	242.0
1798716414	2235.0	23463.0	67749.0	27136.0	49611.0	224.0	405.0	347.0	177.0	224.0
1800611161	0.0	0.0	925.0	0.0	35925.0	0.0	0.0	28.0	0.0	40.0
1801424604	9.0	21.0	94.0	192.0	169.0	0.0	1.0	4.0	2.0	1.0
1801831432	133.0	543.0	309.0	172.0	24.0	9.0	14.0	13.0	22.0	6.0
1801999762	17927.0	85196.0	112197.0	57163.0	137422.0	230.0	428.0	1058.0	706.0	1462.0
1802079307	68.0	0.0	0.0	1716.0	1183.0	7.0	0.0	0.0	14.0	33.0
1802764891	19432.0	7325.0	7009.0	22.0	56.0	1295.0	523.0	334.0	22.0	28.0
1807134561	0.0	1076.0	9726.0	13098.0	42291.0	0.0	108.0	191.0	65.0	84.0
1807419844	8796.0	57374.0	18690.0	90578.0	131426.0	733.0	1366.0	2077.0	3355.0	7301.0
1809715501	12.0	376.0	1235.0	1627.0	265.0	1.0	4.0	7.0	10.0	2.0
1810632930	68009.0	266535.0	215383.0	154934.0	142205.0	2061.0	2066.0	2504.0	2039.0	1654.0
1813378072	53266.0	163345.0	111687.0	92428.0	103076.0	903.0	829.0	698.0	637.0	632.0
1813634662	902.0	1081.0	4000.0	6101.0	15316.0	24.0	21.0	105.0	95.0	232.0
1815338681	0.0	721.0	50242.0	9828.0	75010.0	0.0	15.0	852.0	756.0	1923.0
1820731083	0.0	0.0	6722.0	8219.0	19015.0	0.0	0.0	156.0	149.0	109.0
1821863225	0.0	0.0	0.0	0.0	1.0	0.0	0.0	0.0	0.0	1.0
1822430437	58085.0	66913.0	64399.0	47488.0	32186.0	1076.0	676.0	758.0	461.0	322.0
1823344731	4520.0	3149.0	19326.0	18822.0	16877.0	77.0	72.0	86.0	94.0	78.0
1824112953	0.0	0.0	24.0	334.0	699.0	0.0	0.0	3.0	6.0	13.0
1826043543	3191.0	4539.0	349.0	800.0	3022.0	213.0	216.0	23.0	22.0	41.0
1826643727	0.0	0.0	0.0	9456.0	320060.0	0.0	0.0	0.0	9456.0	35562.0
1827165291	0.0	1249.0	5072.0	2884.0	4826.0	0.0	10.0	24.0	25.0	22.0
1829280943	0.0	1313.0	40234.0	68360.0	173932.0	0.0	1313.0	1118.0	760.0	674.0
1829604760	0.0	0.0	0.0	0.0	5.0	0.0	0.0	0.0	0.0	0.0
1829870212	13546.0	7049.0	11594.0	1584.0	6239.0	276.0	294.0	242.0	158.0	156.0
1830138345	24246.0	33797.0	30200.0	6149.0	10512.0	758.0	650.0	581.0	362.0	277.0
1832549174	103.0	82.0	345.0	356.0	354.0	2.0	2.0	2.0	2.0	3.0
1834767380	0.0	55.0	1158.0	439.0	738.0	0.0	28.0	28.0	22.0	13.0
1835574314	31.0	87.0	0.0	17.0	0.0	16.0	17.0	0.0	17.0	0.0
1836070832	0.0	0.0	0.0	0.0	0.0	0.0	0.0	0.0	0.0	0.0
1836430855	6495.0	2692.0	3418.0	4367.0	7958.0	51.0	45.0	118.0	58.0	95.0
1839665285	81.0	54.0	117.0	151.0	218.0	1.0	1.0	2.0	2.0	2.0
1840735635	0.0	0.0	269427.0	651815.0	715541.0	0.0	0.0	1738.0	2536.0	2621.0
1843070674	83651.0	180413.0	124426.0	108870.0	188499.0	899.0	835.0	895.0	990.0	1122.0
1843526412	19168.0	54225.0	209333.0	309972.0	367195.0	661.0	1323.0	1702.0	2384.0	3565.0
1844459971	1110.0	518.0	2223.0	1649.0	1527.0	44.0	22.0	19.0	17.0	18.0
1845315180	5314.0	19510.0	29874.0	27637.0	31345.0	590.0	415.0	404.0	307.0	344.0
1846302384	2381.0	18722.0	12562.0	72257.0	28967.0	595.0	360.0	546.0	1078.0	467.0
1847798401	0.0	14510.0	106180.0	342712.0	558731.0	0.0	1451.0	1207.0	1308.0	2054.0
1848322945	519.0	474.0	706.0	409.0	120.0	47.0	28.0	50.0	68.0	120.0
1850540183	6142.0	51413.0	111553.0	86491.0	179616.0	614.0	504.0	524.0	562.0	795.0
1850679395	0.0	589.0	1149.0	2135.0	2752.0	0.0	9.0	8.0	8.0	8.0
1851524785	0.0	6251.0	80100.0	73726.0	315079.0	0.0	625.0	861.0	516.0	623.0
1852352553	0.0	8872.0	26249.0	10009.0	20323.0	0.0	108.0	107.0	57.0	72.0
1852398985	107.0	212.0	353.0	374.0	509.0	3.0	4.0	8.0	4.0	3.0
1853852475	0.0	0.0	0.0	0.0	2.0	0.0	0.0	0.0	0.0	0.0
1854627907	0.0	0.0	23467.0	20294.0	25469.0	0.0	0.0	11734.0	5074.0	6367.0
1855335174	1001.0	798.0	21064.0	757.0	448.0	44.0	44.0	726.0	36.0	32.0
1857150145	0.0	1235.0	6964.0	18708.0	21273.0	0.0	62.0	62.0	62.0	68.0
1857414070	0.0	0.0	2407.0	8835.0	105479.0	0.0	0.0	241.0	232.0	344.0
1857570982	4656.0	9317.0	6539.0	19523.0	13820.0	212.0	291.0	131.0	542.0	127.0
1862364383	1433961.0	0.0	1669133.0	256541.0	855114.0	110305.0	0.0	111276.0	64135.0	85511.0
1862466962	0.0	0.0	0.0	2109.0	29041.0	0.0	0.0	0.0	13.0	60.0
1862929910	6692.0	28019.0	12221.0	41007.0	27658.0	669.0	539.0	453.0	506.0	469.0
1863089382	0.0	0.0	0.0	0.0	128601.0	0.0	0.0	0.0	0.0	148.0
1866149335	359.0	8740.0	24667.0	7828.0	6529.0	180.0	324.0	484.0	160.0	117.0
1866402485	0.0	0.0	0.0	4867.0	15816.0	0.0	0.0	0.0	4867.0	7908.0
1868478315	0.0	401729.0	43783.0	538175.0	446483.0	0.0	44637.0	43783.0	25627.0	17172.0
1870366211	0.0	0.0	0.0	0.0	9.0	0.0	0.0	0.0	0.0	0.0
1870405371	11.0	129.0	247.0	206.0	59.0	1.0	1.0	1.0	1.0	1.0
1871956515	3806.0	17867.0	30912.0	51421.0	84035.0	381.0	271.0	262.0	334.0	356.0
1880566337	0.0	1434.0	4340.0	8007.0	8400.0	0.0	28.0	27.0	24.0	32.0
1881135547	0.0	526.0	2494.0	7165.0	4655.0	0.0	19.0	24.0	23.0	16.0
1883564374	0.0	136714.0	260137.0	149609.0	254342.0	0.0	1139.0	919.0	767.0	963.0
1885056061	0.0	0.0	27012.0	40867.0	89996.0	0.0	0.0	225.0	152.0	271.0
1885179197	44.0	0.0	1309.0	31580.0	4181.0	44.0	0.0	47.0	1754.0	836.0
1885460020	0.0	0.0	1113.0	9015.0	87151.0	0.0	0.0	30.0	145.0	157.0
1885486011	0.0	0.0	0.0	0.0	110788.0	0.0	0.0	0.0	0.0	599.0
1886036432	0.0	0.0	0.0	7965.0	20555.0	0.0	0.0	0.0	48.0	71.0
1887262740	0.0	0.0	2167.0	8329.0	36624.0	0.0	0.0	48.0	30.0	84.0
1889158243	0.0	0.0	359512.0	358604.0	317938.0	0.0	0.0	1954.0	2015.0	1267.0
1889377232	0.0	0.0	12448.0	555.0	193398.0	0.0	0.0	96.0	69.0	265.0
1889728690	0.0	3999.0	89789.0	74142.0	233827.0	0.0	400.0	440.0	431.0	417.0
1890157630	0.0	0.0	5653.0	0.0	185693.0	0.0	0.0	226.0	0.0	219.0
1890551363	0.0	1157.0	16634.0	13813.0	19582.0	0.0	61.0	81.0	62.0	57.0
1893410897	0.0	0.0	99.0	278.0	3108.0	0.0	0.0	20.0	40.0	55.0
1893826915	763.0	3450.0	661.0	2073.0	1292.0	31.0	38.0	14.0	31.0	11.0
1894059162	4029.0	5006.0	5226.0	4475.0	3289.0	94.0	100.0	107.0	118.0	193.0
1894287893	596.0	5848.0	4112.0	3311.0	2687.0	19.0	38.0	47.0	23.0	17.0
1896185234	0.0	3519.0	1772.0	1802.0	604.0	0.0	18.0	11.0	9.0	5.0
1896481783	0.0	7698.0	196227.0	353670.0	665310.0	0.0	770.0	1027.0	1300.0	2233.0
1899782201	391.0	646.0	608.0	818.0	525.0	3.0	5.0	4.0	20.0	7.0
1904542220	0.0	610.0	967.0	23766.0	51333.0	0.0	61.0	17.0	87.0	114.0
1906114713	3352.0	7415.0	12949.0	8287.0	7423.0	258.0	463.0	617.0	345.0	256.0
1906604475	21052.0	19321.0	25937.0	17823.0	16907.0	117.0	162.0	200.0	274.0	209.0
1907244354	2084.0	4274.0	706.0	375.0	53.0	10.0	12.0	26.0	17.0	26.0
1907252570	3307.0	19333.0	1657.0	619.0	46.0	32.0	41.0	39.0	44.0	23.0
1907542963	609179.0	1201761.0	944663.0	1354924.0	1530521.0	14858.0	27948.0	18523.0	22212.0	20966.0
1910672761	123604.0	11102.0	123915.0	157894.0	227368.0	5374.0	5551.0	11265.0	14354.0	18947.0
1911719341	0.0	0.0	0.0	0.0	0.0	0.0	0.0	0.0	0.0	0.0
1912713353	404231.0	504139.0	719337.0	419534.0	669213.0	1871.0	4033.0	4582.0	5448.0	5769.0
1913663321	627128.0	558525.0	68286.0	227748.0	200846.0	78391.0	50775.0	34143.0	113874.0	25106.0
1914170245	102041.0	87388.0	222454.0	562951.0	148717.0	6803.0	4855.0	7945.0	12510.0	3718.0
1919114090	0.0	0.0	0.0	1322.0	78406.0	0.0	0.0	0.0	73.0	97.0
1920061532	0.0	0.0	22754.0	39173.0	104693.0	0.0	0.0	228.0	123.0	427.0
1920535861	2395.0	2820.0	7337.0	7213.0	41293.0	68.0	67.0	193.0	240.0	336.0
1921868697	0.0	0.0	0.0	0.0	1282714.0	0.0	0.0	0.0	0.0	1699.0
1925950032	186334.0	115839.0	54646.0	53490.0	28482.0	1391.0	1524.0	1607.0	863.0	730.0
1926652273	0.0	625690.0	591544.0	700611.0	1142219.0	0.0	17380.0	32864.0	25949.0	20768.0
1927564525	1257270.0	1091850.0	2676975.0	1388232.0	2182343.0	9111.0	9332.0	17846.0	13745.0	20984.0
1930072831	0.0	650510.0	810288.0	516693.0	1014154.0	0.0	13010.0	12466.0	9394.0	9943.0
1930227130	164.0	205.0	378.0	140.0	39.0	20.0	10.0	14.0	18.0	6.0
1931755017	73454.0	47171.0	49588.0	41314.0	43503.0	1360.0	1151.0	1771.0	1291.0	1243.0
1932108903	3259.0	2922.0	6626.0	12063.0	11544.0	326.0	244.0	414.0	548.0	428.0
1933895942	0.0	0.0	0.0	265.0	6366.0	0.0	0.0	0.0	13.0	9.0
1934303255	0.0	7593.0	41074.0	66440.0	94676.0	0.0	292.0	563.0	310.0	223.0
1935591865	0.0	0.0	4261.0	1953.0	3614.0	0.0	0.0	50.0	41.0	40.0
1935671631	715.0	1029.0	164.0	2225.0	4098.0	4.0	64.0	3.0	11.0	16.0
1937244784	0.0	0.0	0.0	0.0	29598.0	0.0	0.0	0.0	0.0	32.0
1938549413	0.0	0.0	0.0	0.0	9.0	0.0	0.0	0.0	0.0	2.0
1938793465	0.0	0.0	0.0	0.0	0.0	0.0	0.0	0.0	0.0	0.0
1944272797	1335.0	606.0	18.0	12.0	6.0	49.0	40.0	1.0	0.0	1.0
1944554947	14303.0	12244.0	23009.0	24034.0	23960.0	1430.0	680.0	657.0	586.0	599.0
1945390842	161.0	312.0	179.0	0.0	191.0	18.0	12.0	15.0	0.0	10.0
1945584665	0.0	0.0	37507.0	94856.0	72000.0	0.0	0.0	2885.0	4517.0	2000.0
1945805232	0.0	19960.0	27234.0	29210.0	41279.0	0.0	164.0	168.0	135.0	127.0
1952315213	0.0	0.0	11054.0	20653.0	110280.0	0.0	0.0	160.0	199.0	194.0
1955292790	4619.0	29546.0	26156.0	35102.0	19340.0	257.0	441.0	503.0	878.0	806.0
1958015870	57757.0	123866.0	58538.0	38164.0	150716.0	7220.0	10322.0	5322.0	4240.0	5197.0
1960499323	0.0	76.0	117.0	234.0	349.0	0.0	2.0	3.0	3.0	4.0
1965617182	0.0	0.0	2.0	0.0	0.0	0.0	0.0	2.0	0.0	0.0
1965681503	1478825.0	956882.0	1660561.0	1020323.0	1942576.0	26888.0	20802.0	31331.0	28342.0	26251.0
1966288725	0.0	0.0	5.0	31.0	0.0	0.0	0.0	0.0	1.0	0.0
1968827877	0.0	0.0	4829.0	21415.0	56013.0	0.0	0.0	99.0	95.0	123.0
1971333813	0.0	0.0	0.0	5.0	1.0	0.0	0.0	0.0	0.0	0.0
1971890324	1791.0	7617.0	14768.0	6237.0	6870.0	62.0	50.0	67.0	46.0	44.0
1974152033	0.0	0.0	13029.0	0.0	110094.0	0.0	0.0	63.0	0.0	159.0
1976798673	39512.0	268935.0	237523.0	292809.0	234483.0	3592.0	4482.0	3007.0	4575.0	2968.0
1977278337	37328.0	28131.0	177428.0	85601.0	145887.0	1866.0	1005.0	4224.0	1712.0	1895.0
1980465571	0.0	3253.0	13498.0	13424.0	33498.0	0.0	44.0	71.0	76.0	99.0
1982163497	0.0	0.0	3803.0	11246.0	12935.0	0.0	0.0	37.0	41.0	35.0
1982718541	0.0	0.0	0.0	0.0	8504.0	0.0	0.0	0.0	0.0	64.0
1984862383	0.0	0.0	0.0	78.0	801.0	0.0	0.0	0.0	2.0	4.0
1986481745	56030.0	8195.0	74031.0	388292.0	361853.0	2802.0	911.0	3365.0	8441.0	10965.0
1986866281	18.0	21.0	68.0	133.0	440.0	2.0	2.0	3.0	2.0	6.0
1989536301	0.0	0.0	0.0	0.0	2484.0	0.0	0.0	0.0	0.0	1.0
1990821721	0.0	0.0	448.0	1848.0	1909.0	0.0	0.0	4.0	7.0	5.0
1991194723	53688.0	68407.0	89144.0	68582.0	66815.0	1096.0	444.0	394.0	540.0	423.0
1993350880	0.0	3415.0	26297.0	63629.0	182701.0	0.0	180.0	280.0	335.0	359.0
1999393467	271.0	297.0	70.0	108.0	344.0	5.0	7.0	3.0	4.0	8.0
2000363391	969.0	1704.0	972.0	885.0	2726.0	16.0	17.0	15.0	10.0	24.0
2012579967	742.0	664.0	310.0	224.0	685.0	44.0	33.0	31.0	8.0	8.0
2017335643	1138.0	395.0	0.0	0.0	130.0	114.0	99.0	0.0	0.0	26.0
2019094113	0.0	0.0	3243.0	14241.0	79430.0	0.0	0.0	29.0	40.0	275.0
2019247717	4.0	5.0	0.0	2.0	9.0	0.0	0.0	0.0	0.0	0.0
2019486951	133.0	0.0	0.0	13.0	100.0	13.0	0.0	0.0	13.0	11.0
2023791210	0.0	0.0	0.0	72369.0	334061.0	0.0	0.0	0.0	377.0	469.0
2025994775	61317.0	92144.0	62164.0	72709.0	114665.0	2044.0	1440.0	1195.0	1010.0	1072.0
2026014915	304.0	824.0	6640.0	3759.0	8572.0	11.0	6.0	50.0	25.0	32.0
2029606437	0.0	0.0	1318.0	1796.0	10662.0	0.0	0.0	27.0	16.0	17.0
2034029294	2304.0	3195.0	390.0	7.0	0.0	7.0	11.0	11.0	7.0	0.0
2034192292	315.0	846.0	82.0	577.0	61.0	39.0	22.0	14.0	44.0	30.0
2040119035	834.0	3331.0	6194.0	66826.0	49553.0	83.0	54.0	107.0	218.0	169.0
2047613403	0.0	0.0	9415.0	3837.0	74695.0	0.0	0.0	91.0	49.0	124.0
2051673801	1376.0	750.0	859.0	626.0	862.0	11.0	7.0	8.0	6.0	8.0
2053807061	1671.0	1688.0	1495.0	851.0	488.0	119.0	70.0	150.0	43.0	35.0
2053975695	0.0	0.0	8694.0	16834.0	136476.0	0.0	0.0	102.0	101.0	214.0
2054793217	0.0	411.0	1847.0	1165.0	2657.0	0.0	12.0	10.0	7.0	8.0
2055410091	0.0	14614.0	26906.0	13006.0	17639.0	0.0	146.0	117.0	69.0	84.0
2056382103	0.0	0.0	0.0	0.0	182896.0	0.0	0.0	0.0	0.0	197.0
2067756135	1603.0	22111.0	103022.0	62395.0	94429.0	802.0	425.0	456.0	318.0	479.0
2070310990	0.0	0.0	0.0	0.0	243.0	0.0	0.0	0.0	0.0	9.0
2072631987	16.0	0.0	150.0	186.0	239.0	4.0	0.0	9.0	4.0	2.0
2073040423	512.0	2069.0	2574.0	2902.0	3204.0	11.0	23.0	17.0	25.0	20.0
2073980054	0.0	0.0	0.0	0.0	134.0	0.0	0.0	0.0	0.0	4.0
2074370833	8190.0	3471.0	6069.0	1967.0	6562.0	89.0	32.0	56.0	31.0	49.0
2080259373	6491.0	13843.0	23064.0	9628.0	23403.0	240.0	513.0	591.0	963.0	836.0
2089721401	0.0	0.0	32661.0	56026.0	161045.0	0.0	0.0	211.0	201.0	427.0
2090683994	16217.0	11568.0	7995.0	12723.0	9277.0	213.0	269.0	163.0	177.0	251.0
2092032733	0.0	685.0	991.0	3847.0	4214.0	0.0	3.0	20.0	34.0	32.0
2094387684	0.0	0.0	5.0	12.0	0.0	0.0	0.0	0.0	0.0	0.0
2099079752	10567.0	6549.0	3732.0	47.0	0.0	49.0	31.0	55.0	47.0	0.0
2102711012	275.0	1299.0	115.0	439.0	40.0	20.0	81.0	14.0	16.0	2.0
2106202530	63.0	191.0	556.0	639.0	373.0	3.0	32.0	9.0	11.0	7.0
2115176080	12541.0	4821.0	1300.0	0.0	3789.0	167.0	241.0	118.0	0.0	11.0
2115302210	0.0	0.0	0.0	0.0	4068.0	0.0	0.0	0.0	0.0	8.0
2115304994	3585.0	9819.0	74.0	1274.0	6599.0	36.0	42.0	18.0	637.0	12.0
2116182794	5913.0	20856.0	23940.0	10181.0	17278.0	164.0	222.0	315.0	120.0	143.0
2122233441	583.0	235.0	50.0	82.0	549.0	39.0	34.0	17.0	27.0	30.0
2127461751	1320.0	1135.0	2259.0	4930.0	10361.0	20.0	20.0	18.0	22.0	36.0
2129572704	0.0	0.0	0.0	0.0	7.0	0.0	0.0	0.0	0.0	0.0
2131445654	21054.0	51933.0	109931.0	97099.0	117218.0	554.0	419.0	628.0	615.0	476.0
2136670495	6000.0	35380.0	59848.0	50022.0	84293.0	231.0	247.0	329.0	345.0	383.0
2137637745	0.0	0.0	351.0	535.0	136.0	0.0	0.0	1.0	2.0	2.0
2137765880	0.0	0.0	0.0	26306.0	22083.0	0.0	0.0	0.0	560.0	761.0
2138876990	6163.0	5368.0	2044.0	1045.0	577.0	167.0	153.0	68.0	40.0	82.0
2139885703	0.0	102723.0	233679.0	240272.0	392534.0	0.0	1117.0	1053.0	1285.0	1044.0
2141791335	4551.0	5569.0	7531.0	143868.0	273844.0	58.0	54.0	70.0	985.0	919.0
2141934923	0.0	0.0	0.0	0.0	68411.0	0.0	0.0	0.0	0.0	79.0
2144576481	0.0	0.0	0.0	0.0	35990.0	0.0	0.0	0.0	0.0	60.0
2145304743	153.0	422.0	186.0	6.0	162.0	38.0	70.0	46.0	6.0	23.0
2146525962	0.0	1741.0	1731.0	3849.0	9822.0	0.0	24.0	26.0	16.0	25.0
2147543547	0.0	0.0	3470.0	18725.0	15048.0	0.0	0.0	51.0	67.0	41.0
2148626094	0.0	0.0	945.0	1419.0	10592.0	0.0	0.0	24.0	15.0	16.0
2150152830	198225.0	104140.0	350615.0	85558.0	161139.0	22025.0	10414.0	12986.0	9506.0	3289.0
2152760185	692.0	2573.0	2925.0	2758.0	6054.0	35.0	103.0	45.0	43.0	62.0
2153773471	0.0	6180.0	56484.0	93437.0	87675.0	0.0	187.0	415.0	519.0	569.0
2154212385	0.0	1220.0	5203.0	4486.0	5865.0	0.0	25.0	30.0	22.0	21.0
2154547207	0.0	0.0	0.0	108840.0	302597.0	0.0	0.0	0.0	850.0	2828.0
2154583655	6021.0	11807.0	33247.0	4962.0	10981.0	1505.0	908.0	792.0	1654.0	610.0
2155138921	72.0	259.0	3581.0	7642.0	21846.0	4.0	5.0	18.0	39.0	88.0
2155987804	0.0	0.0	497094.0	524073.0	370648.0	0.0	0.0	2054.0	1978.0	1465.0
2156166350	0.0	848.0	2021.0	5363.0	3854.0	0.0	42.0	42.0	26.0	12.0
2163196683	0.0	0.0	0.0	0.0	3.0	0.0	0.0	0.0	0.0	0.0
2165398790	0.0	1.0	1.0	15.0	24.0	0.0	0.0	0.0	1.0	0.0
2172488380	7054.0	9056.0	9741.0	2431.0	11009.0	172.0	146.0	162.0	68.0	225.0
2173500134	791.0	5227.0	1925.0	288.0	49.0	72.0	70.0	26.0	14.0	8.0
2173825475	31244.0	179534.0	317074.0	128270.0	264092.0	1838.0	2137.0	3523.0	2004.0	3144.0
2175199144	0.0	0.0	15973.0	41777.0	778636.0	0.0	0.0	410.0	1160.0	961.0
2175842925	125.0	103.0	141.0	187.0	402.0	10.0	9.0	9.0	19.0	15.0
2176645133	13615.0	118272.0	160880.0	194864.0	117007.0	1362.0	3285.0	4234.0	3609.0	2167.0
2184728493	0.0	0.0	9877.0	5047.0	21404.0	0.0	0.0	73.0	37.0	36.0
2185104815	14388.0	25166.0	32887.0	10504.0	4070.0	171.0	102.0	116.0	114.0	85.0
2185432195	33993.0	21741.0	6759.0	11570.0	5305.0	3399.0	2174.0	1690.0	1653.0	884.0
2185608961	154227.0	316518.0	290742.0	81177.0	528719.0	2570.0	2435.0	2236.0	978.0	1728.0
2185636134	0.0	0.0	0.0	0.0	1413.0	0.0	0.0	0.0	0.0	1.0
2186363183	0.0	0.0	0.0	0.0	185699.0	0.0	0.0	0.0	0.0	10317.0
2188110855	5119.0	9637.0	4603.0	90739.0	191422.0	155.0	113.0	67.0	1973.0	874.0
2189608911	0.0	2866.0	4670.0	25851.0	44726.0	0.0	48.0	51.0	193.0	190.0
2203045151	0.0	7994.0	6936.0	15301.0	9119.0	0.0	400.0	694.0	494.0	414.0
2205215712	17190.0	253974.0	167320.0	246185.0	331933.0	1011.0	1451.0	1609.0	1303.0	1028.0
2205675180	3755.0	17574.0	7003.0	2290.0	7525.0	469.0	279.0	171.0	176.0	188.0
2206430561	0.0	0.0	8080.0	0.0	112380.0	0.0	0.0	245.0	0.0	124.0
2212311917	1520.0	13804.0	16312.0	25826.0	14338.0	76.0	363.0	119.0	246.0	100.0
2212518065	1029.0	3316.0	3624.0	597.0	4288.0	16.0	20.0	20.0	60.0	26.0
2213549100	0.0	49.0	34.0	24.0	61.0	0.0	1.0	1.0	1.0	1.0
2213619244	110389.0	90867.0	128333.0	70282.0	93722.0	649.0	721.0	891.0	1134.0	1233.0
2214542774	46.0	287.0	11285.0	9843.0	2785.0	5.0	8.0	418.0	205.0	116.0
2217389255	130326.0	142801.0	191263.0	74752.0	88146.0	1018.0	670.0	1258.0	633.0	741.0
2217511264	535.0	2051.0	1661.0	2185.0	7587.0	12.0	12.0	13.0	38.0	24.0
2219064012	0.0	0.0	1135.0	23168.0	54960.0	0.0	0.0	31.0	72.0	137.0
2219227283	0.0	3356.0	980.0	6835.0	87075.0	0.0	112.0	140.0	116.0	112.0
2219800644	0.0	0.0	2372.0	0.0	192513.0	0.0	0.0	216.0	0.0	232.0
2231241171	2608.0	1381.0	19033.0	8983.0	40566.0	26.0	69.0	414.0	51.0	86.0
2231296431	1134.0	3214.0	170.0	8643.0	122055.0	113.0	104.0	85.0	117.0	172.0
2231724507	4868.0	4364.0	6906.0	5799.0	8841.0	111.0	156.0	203.0	193.0	103.0
2241275235	56433.0	54863.0	48570.0	65908.0	88109.0	2351.0	603.0	585.0	511.0	643.0
2247164142	0.0	23596.0	230921.0	444187.0	278253.0	0.0	638.0	1571.0	1651.0	915.0
2251304944	720.0	1426.0	7822.0	9349.0	23249.0	22.0	25.0	44.0	56.0	103.0
2253566775	0.0	0.0	0.0	0.0	62104.0	0.0	0.0	0.0	0.0	65.0
2257473900	0.0	0.0	0.0	0.0	0.0	0.0	0.0	0.0	0.0	0.0
2267310857	12291.0	55352.0	154615.0	94474.0	173125.0	1229.0	1230.0	1531.0	1476.0	1363.0
2273603747	4415.0	5380.0	6101.0	16002.0	3600.0	108.0	37.0	69.0	113.0	38.0
2282258520	120.0	1288.0	5333.0	1399.0	2316.0	120.0	22.0	42.0	27.0	23.0
2282991915	0.0	2505.0	5881.0	21650.0	10968.0	0.0	26.0	23.0	69.0	26.0
2286457060	1658.0	38.0	269.0	11.0	182.0	3.0	1.0	2.0	1.0	26.0
2286696572	753.0	1093.0	324.0	9.0	36.0	3.0	3.0	3.0	2.0	7.0
2288652234	307.0	0.0	1245.0	24792.0	35321.0	31.0	0.0	42.0	82.0	69.0
2292092920	0.0	0.0	0.0	0.0	20.0	0.0	0.0	0.0	0.0	20.0
2293632164	0.0	0.0	5.0	0.0	1.0	0.0	0.0	0.0	0.0	0.0
2294233591	0.0	0.0	7253.0	56728.0	234897.0	0.0	0.0	145.0	573.0	341.0
2294650094	0.0	630.0	3277.0	7705.0	14255.0	0.0	6.0	12.0	41.0	58.0
2296604561	0.0	0.0	0.0	157.0	0.0	0.0	0.0	0.0	8.0	0.0
2297283717	0.0	58022.0	51272.0	107023.0	601586.0	0.0	5802.0	7325.0	2548.0	5324.0
2297493511	0.0	0.0	0.0	0.0	89337.0	0.0	0.0	0.0	0.0	110.0
2301626242	88.0	575.0	2687.0	1924.0	1390.0	6.0	5.0	10.0	12.0	8.0
2302787264	8136.0	5300.0	11915.0	15794.0	8540.0	354.0	204.0	195.0	216.0	126.0
2305514834	0.0	199.0	836.0	1943.0	3489.0	0.0	12.0	6.0	8.0	10.0
2307736563	0.0	0.0	0.0	51.0	376.0	0.0	0.0	0.0	3.0	3.0
2309392464	0.0	0.0	498.0	0.0	47396.0	0.0	0.0	31.0	0.0	54.0
2318413794	1036.0	1030.0	628.0	1409.0	752.0	21.0	21.0	25.0	22.0	19.0
2322168320	0.0	24099.0	55548.0	24761.0	317954.0	0.0	180.0	291.0	370.0	888.0
2336169183	7169.0	11326.0	16770.0	4061.0	1149.0	184.0	78.0	78.0	78.0	34.0
2359037744	0.0	0.0	73601.0	101856.0	223939.0	0.0	0.0	5257.0	2484.0	3342.0
2366098464	3044.0	6923.0	9309.0	2212.0	4234.0	132.0	210.0	172.0	130.0	169.0
2368678562	2080.0	10112.0	8024.0	11551.0	13396.0	139.0	110.0	116.0	116.0	200.0
2368746162	0.0	0.0	0.0	0.0	212361.0	0.0	0.0	0.0	0.0	223.0
2376442895	450290.0	257103.0	631818.0	367954.0	293239.0	16082.0	17140.0	27470.0	18398.0	14662.0
2382356540	47033.0	50243.0	200146.0	162476.0	230650.0	2352.0	1932.0	2063.0	1981.0	1671.0
2385069490	0.0	0.0	1379.0	0.0	144730.0	0.0	0.0	77.0	0.0	181.0
2385077904	0.0	0.0	20248.0	66367.0	279527.0	0.0	0.0	211.0	310.0	588.0
2390654513	0.0	9196.0	114078.0	60697.0	82286.0	0.0	184.0	387.0	272.0	502.0
2396286111	0.0	0.0	0.0	0.0	1202.0	0.0	0.0	0.0	0.0	120.0
2397991440	0.0	0.0	0.0	0.0	89441.0	0.0	0.0	0.0	0.0	62.0
2399301482	31793.0	15941.0	20418.0	8382.0	8060.0	195.0	126.0	227.0	127.0	105.0
2409034375	0.0	0.0	0.0	0.0	34586.0	0.0	0.0	0.0	0.0	38.0
2414492964	0.0	0.0	10316.0	9985.0	121308.0	0.0	0.0	115.0	139.0	177.0
2420331001	0.0	0.0	88.0	8224.0	19674.0	0.0	0.0	88.0	249.0	224.0
2421099807	0.0	0.0	0.0	0.0	0.0	0.0	0.0	0.0	0.0	0.0
2421203193	2574.0	7115.0	5786.0	3701.0	1771.0	129.0	59.0	46.0	47.0	25.0
2421208073	0.0	8071.0	10954.0	35702.0	24913.0	0.0	92.0	78.0	174.0	74.0
2423757750	31309.0	126566.0	64983.0	56653.0	47692.0	783.0	838.0	585.0	420.0	230.0
2426309195	0.0	0.0	0.0	355.0	455.0	0.0	0.0	0.0	4.0	4.0
2428440643	850.0	7517.0	36163.0	19966.0	17688.0	71.0	91.0	150.0	121.0	83.0
2429847483	0.0	0.0	3746.0	29930.0	139293.0	0.0	0.0	288.0	225.0	234.0
2435703477	0.0	0.0	0.0	0.0	325.0	0.0	0.0	0.0	0.0	32.0
2435727903	764.0	2044.0	4133.0	1654.0	1086.0	7.0	12.0	26.0	12.0	16.0
2436313222	0.0	4527.0	25321.0	19034.0	22334.0	0.0	146.0	122.0	79.0	75.0
2439854907	0.0	443.0	6508.0	5653.0	7668.0	0.0	44.0	39.0	44.0	47.0
2441661772	0.0	0.0	22078.0	18489.0	41573.0	0.0	0.0	189.0	92.0	98.0
2448184413	0.0	13975.0	22701.0	26130.0	86317.0	0.0	225.0	210.0	192.0	151.0
2451549504	14882.0	66973.0	89759.0	88564.0	99119.0	744.0	632.0	531.0	476.0	431.0
2451667715	629.0	2728.0	3521.0	2987.0	2924.0	15.0	21.0	23.0	25.0	25.0
2451705144	0.0	25435.0	30709.0	183394.0	137811.0	0.0	499.0	458.0	653.0	387.0
2453801347	53.0	1076.0	1543.0	482.0	1378.0	5.0	10.0	12.0	6.0	13.0
2457872727	6.0	10.0	4.0	5.0	2.0	0.0	1.0	0.0	1.0	0.0
2459718987	0.0	0.0	0.0	4017.0	1261.0	0.0	0.0	0.0	191.0	180.0
2467783493	3.0	12.0	1930.0	13265.0	4750.0	2.0	2.0	64.0	111.0	33.0
2469840975	0.0	7012.0	12863.0	5627.0	5715.0	0.0	149.0	214.0	137.0	130.0
2476006692	0.0	8844.0	66700.0	54453.0	125029.0	0.0	227.0	334.0	276.0	425.0
2483317713	0.0	0.0	2.0	0.0	0.0	0.0	0.0	0.0	0.0	0.0
2484835381	66.0	0.0	0.0	0.0	6.0	7.0	0.0	0.0	0.0	6.0
2485565120	0.0	0.0	45904.0	71040.0	240060.0	0.0	0.0	596.0	321.0	513.0
2486600300	0.0	0.0	0.0	0.0	34.0	0.0	0.0	0.0	0.0	0.0
2493118952	1051.0	6586.0	23099.0	18643.0	21802.0	105.0	91.0	105.0	97.0	89.0
2495327692	0.0	0.0	0.0	0.0	97343.0	0.0	0.0	0.0	0.0	95.0
2496393764	0.0	1790.0	6714.0	23251.0	63457.0	0.0	94.0	103.0	104.0	131.0
2497028981	1238.0	5783.0	18563.0	12377.0	38047.0	41.0	54.0	96.0	84.0	112.0
2505955900	0.0	0.0	16606.0	14076.0	72477.0	0.0	0.0	103.0	99.0	148.0
2508899287	28.0	16.0	11.0	77.0	46.0	2.0	1.0	1.0	3.0	2.0
2512574061	0.0	0.0	0.0	0.0	145465.0	0.0	0.0	0.0	0.0	225.0
2513522613	1649.0	1524.0	1350.0	644.0	2513.0	14.0	9.0	8.0	7.0	20.0
2516683113	52990.0	41598.0	23104.0	34601.0	33573.0	898.0	473.0	345.0	301.0	329.0
2517830513	129.0	5547.0	70096.0	77625.0	227898.0	129.0	555.0	730.0	366.0	505.0
2518349655	0.0	0.0	15839.0	30274.0	22604.0	0.0	0.0	102.0	124.0	84.0
2519379874	0.0	1018.0	1533.0	3461.0	31998.0	0.0	102.0	110.0	43.0	47.0
2519414790	410.0	674.0	1058.0	2434.0	5262.0	20.0	67.0	59.0	62.0	70.0
2519732362	2543.0	1899.0	32.0	0.0	881.0	82.0	40.0	16.0	0.0	28.0
2520889334	0.0	5248.0	859.0	312.0	2012.0	0.0	20.0	6.0	26.0	14.0
2521766162	0.0	370.0	1447.0	2886.0	9405.0	0.0	13.0	16.0	12.0	17.0
2537099500	0.0	3317.0	9196.0	3632.0	2380.0	0.0	55.0	67.0	53.0	43.0
2543598961	84.0	209.0	89.0	70.0	205.0	5.0	3.0	3.0	3.0	3.0
2545230535	548.0	765.0	1835.0	962.0	1255.0	7.0	8.0	24.0	16.0	10.0
2548127017	749.0	1008.0	1460.0	2364.0	4621.0	25.0	50.0	73.0	70.0	140.0
2550491047	1339.0	1153.0	2789.0	9360.0	11718.0	134.0	144.0	87.0	101.0	87.0
2557586352	4743.0	2275.0	3093.0	1451.0	3592.0	296.0	379.0	221.0	242.0	327.0
2576278033	1262.0	2617.0	3463.0	2169.0	2531.0	17.0	14.0	17.0	18.0	22.0
2576867470	0.0	68806.0	87740.0	139969.0	388569.0	0.0	2085.0	3815.0	4827.0	6370.0
2589432731	0.0	0.0	8405.0	39658.0	87585.0	0.0	0.0	290.0	233.0	155.0
2589463190	403.0	127.0	2082.0	135.0	88.0	7.0	9.0	116.0	10.0	15.0
2595620092	70.0	182.0	525.0	743.0	2464.0	2.0	3.0	3.0	4.0	5.0
2600645972	0.0	0.0	0.0	0.0	4392.0	0.0	0.0	0.0	0.0	4.0
2602484450	0.0	0.0	0.0	0.0	129202.0	0.0	0.0	0.0	0.0	161.0
2604354275	0.0	0.0	25050.0	24397.0	50665.0	0.0	0.0	158.0	114.0	125.0
2608983881	380.0	1572.0	2259.0	8291.0	32703.0	15.0	12.0	21.0	46.0	95.0
2609640140	6782.0	6136.0	1033.0	42.0	0.0	20.0	20.0	33.0	14.0	0.0
2610898374	0.0	0.0	23867.0	46617.0	73358.0	0.0	0.0	327.0	173.0	222.0
2611030625	83.0	0.0	752.0	25072.0	69520.0	8.0	0.0	75.0	90.0	133.0
2613006173	23705.0	38101.0	31753.0	12423.0	46788.0	308.0	191.0	239.0	197.0	277.0
2614187173	0.0	0.0	0.0	0.0	4164.0	0.0	0.0	0.0	0.0	45.0
2615850625	1818.0	4895.0	4497.0	2092.0	1967.0	16.0	19.0	21.0	21.0	33.0
2619057517	44070.0	106119.0	88303.0	61251.0	118024.0	1296.0	1192.0	1162.0	988.0	1256.0
2619130163	0.0	2725.0	77914.0	203244.0	193169.0	0.0	143.0	194.0	758.0	758.0
2619215692	0.0	1.0	0.0	6615.0	749.0	0.0	1.0	0.0	165.0	2.0
2624215580	25.0	118.0	708.0	281.0	197.0	3.0	39.0	47.0	6.0	5.0
2625018254	0.0	0.0	9249.0	3233.0	23702.0	0.0	0.0	70.0	35.0	42.0
2625098494	0.0	0.0	926.0	1484.0	1288.0	0.0	0.0	6.0	6.0	4.0
2626658043	0.0	0.0	2186.0	10508.0	28184.0	0.0	0.0	73.0	80.0	81.0
2626682903	0.0	4040.0	37281.0	35816.0	78737.0	0.0	101.0	237.0	137.0	168.0
2626683933	2499.0	1586.0	1934.0	2095.0	2622.0	60.0	13.0	13.0	13.0	13.0
2626689011	0.0	1584.0	8291.0	4055.0	11929.0	0.0	22.0	35.0	42.0	34.0
2626690453	0.0	1064.0	3499.0	6532.0	6703.0	0.0	16.0	21.0	22.0	23.0
2626697577	0.0	567.0	4347.0	3946.0	5268.0	0.0	22.0	26.0	15.0	18.0
2626948743	266687.0	27456.0	270045.0	124043.0	212038.0	12699.0	3922.0	8711.0	4962.0	9638.0
2627323163	0.0	4024.0	6441.0	3240.0	14662.0	0.0	168.0	146.0	43.0	116.0
2633766381	1230.0	5092.0	5983.0	3045.0	2347.0	123.0	145.0	136.0	169.0	81.0
2638266847	0.0	0.0	0.0	49.0	0.0	0.0	0.0	0.0	1.0	0.0
2640565534	0.0	20.0	8659.0	18345.0	22122.0	0.0	20.0	51.0	70.0	69.0
2641636423	6566.0	14160.0	7743.0	5331.0	6551.0	46.0	86.0	66.0	42.0	56.0
2645996150	20832.0	46381.0	10790.0	12041.0	19752.0	613.0	2108.0	469.0	354.0	520.0
2646163860	26301.0	11827.0	16761.0	20237.0	21484.0	1252.0	1183.0	1524.0	533.0	767.0
2648157505	0.0	0.0	1647.0	9048.0	15993.0	0.0	0.0	21.0	35.0	38.0
2648619503	0.0	0.0	0.0	0.0	10.0	0.0	0.0	0.0	0.0	0.0
2650257612	0.0	1068.0	13440.0	14088.0	89120.0	0.0	119.0	336.0	57.0	174.0
2650274624	582.0	2024.0	6737.0	34658.0	81986.0	65.0	44.0	198.0	150.0	179.0
2650922794	0.0	0.0	7592.0	2162.0	142741.0	0.0	0.0	122.0	120.0	184.0
2651196052	1243.0	1645.0	8639.0	10419.0	10179.0	124.0	91.0	91.0	62.0	44.0
2652162890	0.0	0.0	2410.0	1268.0	110272.0	0.0	0.0	93.0	55.0	146.0
2654915197	63.0	7.0	12.0	28.0	4.0	10.0	4.0	2.0	6.0	2.0
2656829134	0.0	0.0	5563.0	15935.0	15723.0	0.0	0.0	39.0	66.0	39.0
2657026753	0.0	14971.0	115395.0	174554.0	233469.0	0.0	998.0	691.0	659.0	691.0
2657550845	0.0	0.0	0.0	81724.0	213226.0	0.0	0.0	0.0	6810.0	14215.0
2663280231	0.0	0.0	0.0	1.0	1.0	0.0	0.0	0.0	0.0	0.0
2663743715	0.0	7454.0	58884.0	55488.0	103370.0	0.0	72.0	307.0	283.0	313.0
2670125917	0.0	3209.0	84028.0	87745.0	97805.0	0.0	321.0	491.0	309.0	318.0
2673702334	0.0	0.0	743.0	547.0	2204.0	0.0	0.0	11.0	5.0	8.0
2674862233	0.0	15.0	57.0	198.0	164.0	0.0	1.0	1.0	1.0	1.0
2685579400	0.0	444.0	1527.0	1382.0	1833.0	0.0	14.0	16.0	20.0	23.0
2686579097	163360.0	320222.0	119024.0	53441.0	133350.0	1192.0	1659.0	909.0	694.0	1050.0
2692255291	0.0	0.0	49337.0	7618.0	457692.0	0.0	0.0	542.0	476.0	588.0
2701148474	195811.0	646378.0	1393955.0	928359.0	904150.0	17801.0	21546.0	21445.0	13075.0	13910.0
2701583622	0.0	0.0	0.0	0.0	860.0	0.0	0.0	0.0	0.0	96.0
2702985475	5060.0	4661.0	5913.0	7293.0	338.0	149.0	137.0	82.0	50.0	34.0
2703083495	4218.0	250.0	222.0	963.0	2022.0	211.0	250.0	111.0	120.0	81.0
2705688633	0.0	0.0	1360.0	1228.0	23758.0	0.0	0.0	26.0	15.0	36.0
2708629577	7234.0	6608.0	0.0	12421.0	111550.0	190.0	300.0	0.0	132.0	164.0
2709577332	0.0	0.0	0.0	0.0	9189.0	0.0	0.0	0.0	0.0	919.0
2711307095	0.0	163.0	1706.0	25137.0	29036.0	0.0	16.0	155.0	99.0	63.0
2711369471	137.0	0.0	356.0	1581.0	16397.0	15.0	0.0	36.0	32.0	48.0
2711373095	8245.0	6169.0	4365.0	11808.0	28449.0	66.0	114.0	151.0	83.0	67.0
2712297332	516.0	788.0	0.0	7383.0	21286.0	52.0	39.0	0.0	26.0	39.0
2712860252	11790.0	7278.0	52584.0	46511.0	30222.0	621.0	728.0	554.0	596.0	444.0
2713686834	2766.0	2182.0	12023.0	4062.0	61712.0	75.0	109.0	325.0	47.0	107.0
2714257590	0.0	1708.0	1143.0	6468.0	18927.0	0.0	35.0	42.0	29.0	43.0
2719325441	142574.0	59061.0	31929.0	73809.0	86597.0	1718.0	895.0	470.0	1085.0	1203.0
2722387481	319.0	804.0	437.0	980.0	275.0	5.0	4.0	3.0	7.0	3.0
2722441930	3863.0	10751.0	23908.0	52408.0	88556.0	386.0	136.0	133.0	332.0	303.0
2723620723	6371.0	4607.0	16069.0	0.0	152910.0	335.0	461.0	1607.0	0.0	194.0
2723635982	19213.0	71053.0	118978.0	24675.0	140680.0	305.0	508.0	320.0	1371.0	2654.0
2726601057	0.0	64819.0	280298.0	195258.0	276271.0	0.0	1379.0	1322.0	967.0	1446.0
2729836251	1964.0	35491.0	24239.0	18861.0	18984.0	196.0	326.0	275.0	266.0	250.0
2731146817	2855.0	1537.0	6377.0	3191.0	4630.0	286.0	307.0	375.0	456.0	514.0
2732055990	5778.0	9749.0	14138.0	11134.0	11608.0	289.0	279.0	267.0	223.0	147.0
2732509803	3020.0	8923.0	15323.0	58742.0	71799.0	38.0	82.0	182.0	520.0	630.0
2737421304	0.0	2088.0	3226.0	4175.0	9634.0	0.0	21.0	31.0	19.0	25.0
2738860822	0.0	0.0	1.0	3.0	1.0	0.0	0.0	0.0	0.0	0.0
2740317235	0.0	0.0	0.0	797.0	8490.0	0.0	0.0	0.0	6.0	13.0
2740928150	87188.0	51178.0	26214.0	114846.0	121915.0	21797.0	12794.0	13107.0	10441.0	9378.0
2742964807	13650.0	4855.0	846.0	0.0	3573.0	22.0	143.0	282.0	0.0	325.0
2744991144	0.0	0.0	0.0	0.0	346.0	0.0	0.0	0.0	0.0	17.0
2752831922	0.0	0.0	1531.0	3596.0	3268.0	0.0	0.0	12.0	11.0	10.0
2756133977	487.0	554.0	32.0	207.0	361.0	61.0	55.0	32.0	30.0	30.0
2757194940	0.0	5930.0	32044.0	98950.0	117911.0	0.0	220.0	219.0	728.0	608.0
2758336701	6638.0	6701.0	1502.0	1540.0	1405.0	96.0	73.0	19.0	15.0	13.0
2760275217	11780.0	18253.0	34977.0	30760.0	74330.0	287.0	240.0	289.0	191.0	248.0
2762663280	0.0	0.0	10626.0	8648.0	88825.0	0.0	0.0	142.0	107.0	152.0
2772147951	0.0	0.0	0.0	100.0	165.0	0.0	0.0	0.0	2.0	1.0
2779530461	3983.0	7933.0	3755.0	9682.0	10960.0	36.0	39.0	31.0	75.0	66.0
2780654600	7.0	736.0	1226.0	588.0	64.0	1.0	8.0	34.0	15.0	3.0
2783769922	65.0	0.0	20.0	0.0	4.0	65.0	0.0	20.0	0.0	4.0
2784078091	373.0	574.0	145.0	311.0	150.0	7.0	8.0	3.0	5.0	2.0
2784367214	0.0	0.0	0.0	0.0	55.0	0.0	0.0	0.0	0.0	2.0
2791546850	0.0	0.0	60276.0	32048.0	33317.0	0.0	0.0	597.0	433.0	271.0
2791879260	1617.0	847.0	3665.0	697.0	2992.0	40.0	71.0	80.0	39.0	40.0
2794060445	719.0	9666.0	2261.0	8432.0	71046.0	15.0	44.0	12.0	37.0	592.0
2794215895	0.0	994.0	2021.0	1063.0	2139.0	0.0	16.0	17.0	10.0	16.0
2794665971	49503.0	183680.0	279013.0	168743.0	133102.0	1303.0	1134.0	1335.0	865.0	659.0
2796073322	11.0	655.0	127.0	88.0	257.0	4.0	19.0	12.0	6.0	11.0
2796627290	34095.0	12511.0	7005.0	5333.0	14078.0	696.0	481.0	369.0	593.0	320.0
2796802654	1231.0	1977.0	862.0	1159.0	571.0	68.0	49.0	54.0	40.0	29.0
2802930744	0.0	0.0	892.0	155.0	1254.0	0.0	0.0	5.0	3.0	2.0
2804610542	63953.0	39293.0	53227.0	19792.0	205235.0	711.0	485.0	538.0	283.0	738.0
2805326271	0.0	2103.0	96578.0	118277.0	140622.0	0.0	210.0	391.0	415.0	408.0
2807684421	0.0	134050.0	421052.0	306731.0	646525.0	0.0	2793.0	2074.0	3263.0	4066.0
2811229670	30.0	53.0	93.0	65.0	186.0	0.0	0.0	1.0	1.0	1.0
2811535837	122.0	11.0	100.0	68.0	146.0	5.0	6.0	3.0	2.0	4.0
2813469294	0.0	1880.0	30376.0	52087.0	238936.0	0.0	145.0	239.0	407.0	505.0
2814948734	0.0	266.0	2959.0	4347.0	9478.0	0.0	266.0	247.0	621.0	379.0
2816892483	0.0	0.0	1943.0	2579.0	20990.0	0.0	0.0	216.0	234.0	141.0
2818638325	517.0	531.0	269.0	499.0	115.0	9.0	13.0	19.0	15.0	13.0
2823170691	215398.0	389003.0	129711.0	83771.0	51359.0	5254.0	4010.0	1410.0	607.0	313.0
2823417024	4628.0	9308.0	7756.0	7862.0	22523.0	98.0	99.0	97.0	87.0	132.0
2828207064	0.0	0.0	0.0	0.0	8.0	0.0	0.0	0.0	0.0	1.0
2829130665	0.0	9841.0	19418.0	14894.0	17148.0	0.0	92.0	128.0	106.0	71.0
2834527360	4627.0	3086.0	667.0	1160.0	27410.0	463.0	96.0	37.0	83.0	1958.0
2835392520	0.0	0.0	79734.0	131943.0	140215.0	0.0	0.0	7973.0	9424.0	4249.0
2838324945	1556.0	1922.0	3543.0	2003.0	2067.0	20.0	13.0	28.0	21.0	18.0
2840252665	534.0	3023.0	5047.0	6877.0	16380.0	13.0	18.0	32.0	53.0	84.0
2841054630	6853.0	19964.0	25652.0	52560.0	148788.0	343.0	688.0	466.0	1642.0	2066.0
2848406842	18.0	6.0	14.0	23.0	27.0	1.0	0.0	0.0	0.0	0.0
2854735801	0.0	18208.0	206920.0	160918.0	172075.0	0.0	628.0	873.0	594.0	546.0
2855143392	0.0	0.0	0.0	0.0	6811.0	0.0	0.0	0.0	0.0	681.0
2856943142	6295.0	46552.0	68752.0	30553.0	30592.0	699.0	308.0	262.0	228.0	234.0
2863636282	0.0	0.0	159.0	242.0	539.0	0.0	0.0	9.0	11.0	11.0
2871012475	63946.0	19225.0	8893.0	67451.0	39449.0	251.0	409.0	494.0	1730.0	1517.0
2873202464	0.0	0.0	0.0	0.0	37594.0	0.0	0.0	0.0	0.0	488.0
2879299311	3.0	5.0	1.0	0.0	0.0	0.0	1.0	0.0	0.0	0.0
2880923225	0.0	0.0	3494.0	11994.0	20842.0	0.0	0.0	71.0	48.0	45.0
2882083237	142315.0	197834.0	152697.0	97110.0	121939.0	1530.0	1465.0	1075.0	837.0	1207.0
2885273312	0.0	232.0	1095.0	1939.0	4647.0	0.0	10.0	24.0	34.0	97.0
2893351587	5969.0	72354.0	65906.0	3324.0	25979.0	314.0	257.0	445.0	332.0	541.0
2894131574	0.0	3181.0	22874.0	57670.0	87812.0	0.0	159.0	167.0	310.0	193.0
2895287230	0.0	0.0	0.0	83.0	9294.0	0.0	0.0	0.0	6.0	92.0
2904869231	0.0	558.0	3250.0	2893.0	6266.0	0.0	5.0	15.0	18.0	25.0
2905597415	0.0	18.0	618.0	183.0	286.0	0.0	18.0	20.0	17.0	14.0
2907576527	889.0	801.0	508.0	2108.0	1842.0	16.0	15.0	15.0	16.0	11.0
2909406375	0.0	0.0	7784.0	37464.0	609538.0	0.0	0.0	288.0	528.0	918.0
2916558967	10953.0	30635.0	24873.0	46616.0	45764.0	112.0	172.0	165.0	283.0	332.0
2920964804	0.0	0.0	0.0	0.0	4335.0	0.0	0.0	0.0	0.0	3.0
2921244020	0.0	1748.0	8672.0	10955.0	8942.0	0.0	14.0	53.0	54.0	43.0
2921244052	0.0	608.0	4386.0	6361.0	10847.0	0.0	11.0	23.0	30.0	41.0
2922893803	0.0	622.0	2175.0	4654.0	8307.0	0.0	13.0	11.0	20.0	34.0
2924853791	5061.0	30653.0	38560.0	44481.0	87633.0	115.0	173.0	176.0	212.0	464.0
2927040120	0.0	13783.0	22789.0	19462.0	29746.0	0.0	123.0	118.0	92.0	136.0
2929743983	7134.0	34140.0	35024.0	83443.0	181721.0	152.0	213.0	285.0	485.0	773.0
2934018990	0.0	0.0	0.0	0.0	74526.0	0.0	0.0	0.0	0.0	81.0
2936928392	2421.0	25691.0	44796.0	30684.0	17721.0	242.0	162.0	169.0	156.0	140.0
2939662322	26324.0	14645.0	22535.0	20318.0	32755.0	189.0	132.0	186.0	181.0	376.0
2940306862	383.0	625.0	497.0	240.0	298.0	6.0	6.0	6.0	4.0	6.0
2950079471	0.0	0.0	0.0	0.0	35120.0	0.0	0.0	0.0	0.0	38.0
2952435102	0.0	0.0	1387.0	42772.0	89872.0	0.0	0.0	99.0	138.0	214.0
2958393353	7351.0	12304.0	20294.0	126864.0	116875.0	94.0	189.0	211.0	824.0	899.0
2970036311	34535.0	414767.0	866590.0	1323165.0	1225830.0	3454.0	4066.0	5555.0	5907.0	5497.0
2970452952	0.0	13766.0	26347.0	144630.0	348301.0	0.0	1147.0	2027.0	8035.0	16586.0
2976236410	28218.0	31004.0	33701.0	24922.0	19678.0	332.0	207.0	222.0	149.0	141.0
2978297680	0.0	0.0	180.0	782.0	831.0	0.0	0.0	4.0	2.0	2.0
2989711261	17.0	6073.0	9521.0	47517.0	14312.0	8.0	82.0	221.0	288.0	117.0
2991093430	0.0	0.0	194.0	54.0	52.0	0.0	0.0	3.0	2.0	1.0
2998067174	0.0	0.0	0.0	0.0	52591.0	0.0	0.0	0.0	0.0	47.0
2998966864	0.0	0.0	4423.0	19362.0	23226.0	0.0	0.0	21.0	64.0	57.0
3018242917	0.0	0.0	1387.0	832.0	156610.0	0.0	0.0	173.0	83.0	202.0
3041018631	0.0	0.0	0.0	0.0	60.0	0.0	0.0	0.0	0.0	2.0
3042505735	8288.0	10030.0	74456.0	60574.0	72223.0	296.0	418.0	365.0	279.0	272.0
3056560531	0.0	0.0	0.0	0.0	28545.0	0.0	0.0	0.0	0.0	34.0
3063262651	0.0	0.0	0.0	0.0	10.0	0.0	0.0	0.0	0.0	1.0
3065331875	6353.0	9127.0	10122.0	13496.0	20173.0	219.0	228.0	247.0	540.0	336.0
3082731712	0.0	0.0	0.0	69340.0	402039.0	0.0	0.0	0.0	410.0	796.0
3083673764	233.0	4654.0	5420.0	8269.0	8930.0	58.0	31.0	27.0	45.0	40.0
3085327787	0.0	17787.0	80630.0	196707.0	333037.0	0.0	635.0	733.0	813.0	898.0
3090409010	1332.0	835.0	1609.0	1566.0	1323.0	18.0	84.0	124.0	98.0	132.0
3090446140	1097.0	2282.0	2380.0	1604.0	1434.0	9.0	120.0	149.0	94.0	72.0
3092386187	18358.0	32434.0	9653.0	6893.0	33317.0	197.0	134.0	73.0	78.0	214.0
3097328157	388.0	0.0	1080.0	0.0	34348.0	39.0	0.0	17.0	0.0	47.0
3101945993	0.0	0.0	145.0	0.0	39528.0	0.0	0.0	24.0	0.0	45.0
3105995457	0.0	0.0	0.0	34.0	0.0	0.0	0.0	0.0	6.0	0.0
3106081485	0.0	0.0	0.0	0.0	10796.0	0.0	0.0	0.0	0.0	9.0
3129516717	92249.0	53220.0	34421.0	37985.0	49194.0	3075.0	4838.0	1912.0	1899.0	2460.0
3136788225	0.0	2066.0	6303.0	21187.0	96872.0	0.0	344.0	274.0	272.0	273.0
3144514582	0.0	0.0	1.0	3.0	0.0	0.0	0.0	0.0	0.0	0.0
3146413724	36.0	710.0	1214.0	1875.0	2108.0	4.0	7.0	7.0	9.0	8.0
3148758435	155222.0	35008.0	287484.0	293970.0	211150.0	11087.0	3890.0	3639.0	3000.0	2742.0
3152908701	1.0	0.0	0.0	0.0	58.0	0.0	0.0	0.0	0.0	2.0
3154810532	0.0	0.0	9018.0	2228.0	259361.0	0.0	0.0	143.0	248.0	307.0
3163159453	0.0	243.0	169.0	166.0	221.0	0.0	24.0	42.0	42.0	22.0
3163213212	0.0	0.0	43277.0	1729145.0	2646398.0	0.0	0.0	5410.0	5320.0	5679.0
3163859682	1574.0	1711.0	244.0	105.0	443.0	18.0	24.0	12.0	6.0	12.0
3166400590	0.0	0.0	18.0	12.0	88.0	0.0	0.0	9.0	6.0	2.0
3167305545	0.0	22502.0	485362.0	594293.0	881159.0	0.0	1250.0	2289.0	2085.0	2325.0
3171948942	3691.0	0.0	3833.0	6358.0	7744.0	369.0	0.0	548.0	454.0	408.0
3174997853	0.0	0.0	68716.0	42891.0	45632.0	0.0	0.0	263.0	146.0	185.0
3175704507	0.0	0.0	27.0	406.0	806.0	0.0	0.0	4.0	25.0	28.0
3179407457	0.0	99.0	649.0	2371.0	3798.0	0.0	11.0	10.0	9.0	10.0
3182354683	0.0	0.0	0.0	0.0	2.0	0.0	0.0	0.0	0.0	0.0
3189405031	632.0	2163.0	596.0	574.0	655.0	37.0	94.0	35.0	64.0	36.0
3191534861	4393.0	225072.0	497782.0	394602.0	611852.0	439.0	3215.0	2828.0	2799.0	3044.0
3191568265	114132.0	82492.0	236797.0	94332.0	157213.0	4565.0	1071.0	2519.0	1497.0	1541.0
3193430923	1677.0	3201.0	9634.0	12122.0	39211.0	140.0	320.0	283.0	449.0	1307.0
3194192161	0.0	6037.0	16697.0	83018.0	59623.0	0.0	56.0	109.0	403.0	197.0
3198167840	346.0	71.0	507.0	582.0	683.0	17.0	7.0	10.0	8.0	6.0
3199893597	0.0	0.0	0.0	0.0	3218.0	0.0	0.0	0.0	0.0	4.0
3200440947	135369.0	113524.0	86276.0	195633.0	299717.0	6446.0	5676.0	6637.0	5928.0	11528.0
3203139555	0.0	155.0	26.0	23.0	16.0	0.0	12.0	5.0	4.0	5.0
3204658137	3890.0	99461.0	34081.0	52236.0	65277.0	389.0	293.0	411.0	287.0	506.0
3206325802	130.0	587.0	328.0	327.0	371.0	2.0	3.0	2.0	2.0	6.0
3209618112	0.0	99237.0	298046.0	214835.0	186116.0	0.0	1272.0	1319.0	946.0	835.0
3210735725	5444.0	6723.0	2249.0	2962.0	3718.0	63.0	93.0	49.0	49.0	83.0
3213060995	4104.0	5260.0	5435.0	12427.0	9543.0	89.0	46.0	49.0	58.0	74.0
3214649904	0.0	4151.0	27833.0	46748.0	150781.0	0.0	415.0	381.0	269.0	270.0
3221914435	5456.0	25.0	0.0	11.0	0.0	1364.0	12.0	0.0	4.0	0.0
3222409142	0.0	0.0	546.0	3582.0	11346.0	0.0	0.0	34.0	17.0	22.0
3225022692	0.0	222.0	2680.0	783.0	28155.0	0.0	4.0	22.0	39.0	129.0
3234978620	0.0	0.0	0.0	11479.0	19651.0	0.0	0.0	0.0	43.0	40.0
3249453684	6953.0	14031.0	18934.0	15382.0	914.0	48.0	64.0	498.0	230.0	183.0
3253328830	0.0	0.0	5122.0	55353.0	92286.0	0.0	0.0	68.0	186.0	251.0
3264689290	0.0	0.0	335273.0	244024.0	724594.0	0.0	0.0	2794.0	1627.0	1337.0
3276238870	0.0	0.0	27112.0	25352.0	130794.0	0.0	0.0	213.0	220.0	220.0
3276810147	0.0	941.0	3980.0	2915.0	2877.0	0.0	21.0	18.0	19.0	14.0
3283708002	0.0	0.0	597.0	1227.0	1490.0	0.0	0.0	12.0	8.0	16.0
3289097097	0.0	5163.0	300.0	93989.0	235934.0	0.0	860.0	300.0	631.0	489.0
3294848175	0.0	0.0	0.0	6.0	0.0	0.0	0.0	0.0	1.0	0.0
3296096972	0.0	0.0	0.0	0.0	8.0	0.0	0.0	0.0	0.0	1.0
3300097505	976.0	0.0	3138.0	1769.0	1050.0	20.0	0.0	58.0	47.0	150.0
3303810634	0.0	0.0	0.0	0.0	484.0	0.0	0.0	0.0	0.0	0.0
3305085281	0.0	0.0	297383.0	131975.0	3702395.0	0.0	0.0	3764.0	2808.0	5259.0
3307175952	887.0	917.0	370.0	1742.0	3852.0	222.0	183.0	370.0	249.0	241.0
3314280193	0.0	0.0	0.0	0.0	5979.0	0.0	0.0	0.0	0.0	7.0
3315542331	0.0	548.0	1118.0	2757.0	2079.0	0.0	11.0	7.0	7.0	8.0
3323442082	0.0	0.0	3778.0	0.0	224282.0	0.0	0.0	189.0	0.0	283.0
3334839182	0.0	490.0	751.0	579.0	123.0	0.0	3.0	3.0	2.0	1.0
3345937850	0.0	0.0	0.0	0.0	1.0	0.0	0.0	0.0	0.0	0.0
3351733370	19941.0	32213.0	17551.0	14371.0	23538.0	338.0	474.0	172.0	182.0	210.0
3359309784	438.0	321.0	149.0	118.0	547.0	44.0	23.0	17.0	17.0	14.0
3368110604	0.0	1123.0	10184.0	8801.0	12973.0	0.0	25.0	38.0	79.0	36.0
3401191764	0.0	0.0	0.0	0.0	274513.0	0.0	0.0	0.0	0.0	332.0
3419305134	0.0	0.0	0.0	0.0	312902.0	0.0	0.0	0.0	0.0	2335.0
3461350924	8540.0	4503.0	37539.0	19093.0	18900.0	949.0	643.0	1632.0	682.0	675.0
3464551694	0.0	0.0	1560.0	3788.0	6135.0	0.0	0.0	12.0	13.0	19.0
3474574632	403.0	399.0	1593.0	931.0	639.0	20.0	7.0	16.0	7.0	9.0
3517499214	100933.0	102936.0	97140.0	42111.0	57916.0	870.0	539.0	670.0	463.0	479.0
3523916795	2.0	16.0	2198.0	5195.0	8954.0	0.0	1.0	26.0	38.0	44.0
3538266147	0.0	0.0	0.0	0.0	4739.0	0.0	0.0	0.0	0.0	32.0
3538621574	0.0	0.0	674.0	1441.0	2380.0	0.0	0.0	4.0	6.0	6.0
3538883541	2931.0	3978.0	6145.0	3264.0	4875.0	32.0	26.0	48.0	27.0	21.0
3540631410	0.0	157.0	5497.0	5787.0	12258.0	0.0	8.0	38.0	31.0	33.0
3541109237	0.0	0.0	0.0	0.0	16458.0	0.0	0.0	0.0	0.0	17.0
3547430354	0.0	2.0	10.0	37.0	35.0	0.0	2.0	2.0	3.0	3.0
3553487927	24.0	353.0	78.0	1541.0	1900.0	8.0	5.0	4.0	5.0	4.0
3562668795	0.0	0.0	0.0	16.0	16.0	0.0	0.0	0.0	0.0	0.0
3567056502	24.0	127.0	672.0	1128.0	1541.0	3.0	4.0	4.0	5.0	4.0
3611140305	0.0	0.0	0.0	0.0	73268.0	0.0	0.0	0.0	0.0	168.0
3613440743	0.0	0.0	0.0	0.0	165912.0	0.0	0.0	0.0	0.0	124.0
3633515512	0.0	0.0	0.0	0.0	34252.0	0.0	0.0	0.0	0.0	39.0
3664122147	2792.0	31694.0	31455.0	29626.0	91847.0	279.0	704.0	715.0	411.0	433.0
3670653167	180.0	545.0	61.0	180.0	169.0	9.0	23.0	12.0	7.0	7.0
3694919990	0.0	0.0	6581.0	0.0	270494.0	0.0	0.0	120.0	0.0	339.0
3702609717	0.0	0.0	7223.0	17071.0	159232.0	0.0	0.0	113.0	81.0	288.0
3714111905	0.0	0.0	0.0	8.0	1.0	0.0	0.0	0.0	1.0	1.0
3726449081	0.0	186.0	955.0	781.0	227.0	0.0	6.0	8.0	19.0	7.0
3730040331	1683.0	824.0	1895.0	2426.0	2489.0	94.0	36.0	30.0	32.0	57.0
3740190167	0.0	0.0	0.0	1.0	0.0	0.0	0.0	0.0	0.0	0.0
3768854581	0.0	0.0	9584.0	2534.0	2251.0	0.0	0.0	81.0	55.0	47.0
3788285987	1145.0	17675.0	63531.0	174101.0	132982.0	34.0	100.0	400.0	1109.0	821.0
3817188860	109.0	227.0	4485.0	18929.0	177360.0	12.0	8.0	86.0	451.0	3478.0
3825044959	8820.0	103935.0	54271.0	11337.0	17803.0	149.0	334.0	374.0	155.0	102.0
3825083840	1009.0	0.0	9387.0	34168.0	146564.0	101.0	0.0	113.0	92.0	252.0
3833070073	10592.0	22642.0	75793.0	30061.0	74923.0	331.0	294.0	471.0	699.0	973.0
3847782259	0.0	0.0	0.0	120265.0	1202997.0	0.0	0.0	0.0	1227.0	4206.0
3859183304	0.0	22736.0	27464.0	0.0	13217.0	0.0	4547.0	4577.0	0.0	2643.0
3867177078	16.0	249.0	157.0	946.0	1134.0	2.0	6.0	4.0	16.0	6.0
3881021356	0.0	0.0	286.0	0.0	5521.0	0.0	0.0	11.0	0.0	8.0
3881023149	0.0	353.0	2422.0	7168.0	5865.0	0.0	35.0	36.0	21.0	16.0
3888073849	48145.0	31762.0	88446.0	54516.0	50039.0	450.0	392.0	582.0	673.0	394.0
3897355704	18455.0	44281.0	58073.0	84450.0	27571.0	923.0	399.0	307.0	676.0	156.0
3898259747	0.0	0.0	0.0	0.0	138505.0	0.0	0.0	0.0	0.0	132.0
3913887849	1061.0	2063.0	3606.0	7998.0	21000.0	23.0	20.0	48.0	58.0	99.0
3913908806	0.0	0.0	1458.0	5918.0	3825.0	0.0	0.0	27.0	37.0	27.0
3914131564	0.0	10726.0	20506.0	42622.0	55121.0	0.0	206.0	177.0	237.0	193.0
3920631851	0.0	0.0	16348.0	0.0	283003.0	0.0	0.0	334.0	0.0	323.0
3920678309	0.0	7.0	0.0	15.0	11.0	0.0	1.0	0.0	1.0	2.0
3934035612	0.0	0.0	1542.0	41729.0	253755.0	0.0	0.0	171.0	215.0	413.0
3938522262	0.0	881.0	2710.0	6663.0	11543.0	0.0	7.0	16.0	37.0	37.0
3940460809	0.0	0.0	618.0	2461.0	4314.0	0.0	0.0	7.0	11.0	8.0
3943178392	0.0	0.0	0.0	0.0	196208.0	0.0	0.0	0.0	0.0	232.0
3963155532	3240.0	12974.0	322.0	492.0	1188.0	13.0	71.0	9.0	7.0	9.0
3966016723	84185.0	81409.0	48554.0	78203.0	224225.0	547.0	839.0	546.0	551.0	1311.0
3969876050	0.0	0.0	0.0	35988.0	1301.0	0.0	0.0	0.0	191.0	81.0
3970319509	0.0	1050.0	6411.0	13797.0	30102.0	0.0	52.0	74.0	52.0	80.0
3972488587	0.0	0.0	2728.0	2548.0	12324.0	0.0	0.0	17.0	13.0	24.0
3982698971	195.0	328.0	673.0	618.0	538.0	7.0	3.0	3.0	3.0	2.0
3985527728	29221.0	85173.0	137856.0	45060.0	76650.0	2922.0	1936.0	3063.0	2253.0	4791.0
3986933335	0.0	0.0	5200.0	0.0	145538.0	0.0	0.0	141.0	0.0	177.0
5035129725	966.0	1226.0	1842.0	962.0	1959.0	18.0	21.0	35.0	27.0	38.0
5040955225	123957.0	75695.0	111915.0	89408.0	88260.0	1305.0	526.0	678.0	552.0	507.0
5041262490	23856.0	87563.0	86079.0	103845.0	212024.0	884.0	1684.0	2777.0	3350.0	4931.0
5042104968	45246.0	95795.0	38514.0	77169.0	57539.0	780.0	1076.0	438.0	547.0	570.0
5042478371	0.0	0.0	7674.0	2758.0	243155.0	0.0	0.0	197.0	197.0	314.0
5059187293	41677.0	85039.0	67343.0	109032.0	84053.0	926.0	621.0	701.0	542.0	422.0
5073481692	0.0	0.0	1888.0	555.0	17618.0	0.0	0.0	44.0	15.0	24.0
5075005632	0.0	0.0	308.0	496.0	452.0	0.0	0.0	4.0	7.0	9.0
5075056335	0.0	0.0	1333.0	454.0	46557.0	0.0	0.0	103.0	45.0	61.0
5076607678	15941.0	58213.0	15232.0	13088.0	2151.0	339.0	362.0	372.0	312.0	215.0
5079349665	2167.0	0.0	18481.0	210.0	0.0	1084.0	0.0	578.0	210.0	0.0
5083082187	9857.0	7375.0	9489.0	8989.0	15819.0	61.0	81.0	77.0	112.0	64.0
5086594940	0.0	1566.0	4280.0	5499.0	6059.0	0.0	68.0	159.0	145.0	129.0
5088727174	0.0	6359.0	18025.0	58718.0	66463.0	0.0	159.0	311.0	205.0	153.0
5090636336	64832.0	28602.0	10073.0	26552.0	17388.0	745.0	485.0	387.0	511.0	378.0
5092710096	0.0	0.0	0.0	0.0	1.0	0.0	0.0	0.0	0.0	0.0
5095544206	0.0	8620.0	21480.0	7671.0	10619.0	0.0	92.0	88.0	38.0	44.0
5098547539	11267.0	94658.0	73399.0	181627.0	183426.0	805.0	1690.0	1147.0	1288.0	1176.0
5101863971	96739.0	188841.0	158210.0	103428.0	51124.0	733.0	1015.0	920.0	967.0	691.0
5108139177	0.0	0.0	29535.0	46.0	23874.0	0.0	0.0	103.0	23.0	42.0
5111339189	7936.0	2411.0	11308.0	181453.0	279089.0	467.0	51.0	435.0	650.0	748.0
5117168923	186.0	190.0	831.0	0.0	673.0	46.0	63.0	76.0	0.0	75.0
5125859452	500.0	294.0	8411.0	16777.0	10494.0	167.0	74.0	255.0	317.0	191.0
5127225727	222540.0	642256.0	322099.0	440767.0	382927.0	3225.0	3328.0	3039.0	2435.0	1877.0
5131553839	0.0	0.0	0.0	2908.0	45979.0	0.0	0.0	0.0	81.0	374.0
5131587272	0.0	3129.0	3510.0	9504.0	7930.0	0.0	45.0	28.0	44.0	41.0
5137463751	0.0	0.0	0.0	209.0	1657.0	0.0	0.0	0.0	4.0	5.0
5138579079	0.0	0.0	8553.0	0.0	565580.0	0.0	0.0	450.0	0.0	649.0
5141554987	0.0	0.0	0.0	0.0	108.0	0.0	0.0	0.0	0.0	0.0
5142633529	0.0	120.0	366.0	362.0	8694.0	0.0	5.0	2.0	2.0	36.0
5143990099	0.0	0.0	0.0	0.0	0.0	0.0	0.0	0.0	0.0	0.0
5144375221	0.0	0.0	1.0	4.0	18.0	0.0	0.0	0.0	2.0	1.0
5144723923	0.0	3117.0	76083.0	56556.0	73628.0	0.0	260.0	536.0	539.0	504.0
5150931617	19475.0	18140.0	10366.0	7411.0	4489.0	182.0	255.0	100.0	120.0	72.0
5156251815	0.0	0.0	10401.0	12376.0	125752.0	0.0	0.0	231.0	193.0	199.0
5166184780	8039.0	65880.0	77021.0	122530.0	250971.0	1148.0	2995.0	4054.0	8752.0	5976.0
5177358951	5257.0	1129.0	4142.0	1083.0	3238.0	277.0	75.0	460.0	57.0	120.0
5191190515	1180.0	0.0	3974.0	5305.0	42034.0	118.0	0.0	331.0	482.0	778.0
5202542789	0.0	0.0	12.0	658.0	772.0	0.0	0.0	1.0	4.0	3.0
5203557497	0.0	0.0	0.0	0.0	2.0	0.0	0.0	0.0	0.0	0.0
5203904597	0.0	0.0	0.0	0.0	0.0	0.0	0.0	0.0	0.0	0.0
5205919794	0.0	5372.0	33807.0	29709.0	115705.0	0.0	537.0	335.0	148.0	285.0
5208724334	0.0	0.0	0.0	0.0	8270.0	0.0	0.0	0.0	0.0	6.0
5212571993	9291.0	3438.0	1344.0	2334.0	2840.0	74.0	48.0	48.0	101.0	129.0
5215952550	0.0	103.0	103.0	45.0	67.0	0.0	1.0	1.0	1.0	1.0
5217890053	0.0	0.0	0.0	0.0	19043.0	0.0	0.0	0.0	0.0	10.0
5232055343	19258.0	141810.0	37741.0	143093.0	170911.0	448.0	1997.0	2516.0	6504.0	5893.0
5242360341	5.0	2.0	0.0	0.0	3.0	0.0	0.0	0.0	0.0	0.0
5242849168	17849.0	0.0	23584.0	5101.0	8131.0	446.0	0.0	548.0	189.0	313.0
5245080276	0.0	0.0	154.0	383.0	40.0	0.0	0.0	15.0	14.0	8.0
5249312330	140.0	42.0	937.0	82.0	558.0	14.0	10.0	16.0	12.0	24.0
5260456395	0.0	0.0	0.0	0.0	15167.0	0.0	0.0	0.0	0.0	9.0
5263758728	752.0	1912.0	615.0	2330.0	2264.0	14.0	25.0	7.0	8.0	8.0
5264641136	0.0	2323.0	56548.0	155965.0	144227.0	0.0	89.0	261.0	672.0	570.0
5269183639	0.0	0.0	5458.0	15941.0	59273.0	0.0	0.0	70.0	98.0	109.0
5269265791	0.0	0.0	0.0	0.0	5559.0	0.0	0.0	0.0	0.0	5.0
5269486200	0.0	0.0	4480.0	5443.0	6271.0	0.0	0.0	24.0	21.0	21.0
5270275602	0.0	25019.0	44043.0	27526.0	6118.0	0.0	141.0	158.0	163.0	120.0
5278394717	0.0	0.0	196.0	6722.0	348.0	0.0	0.0	9.0	23.0	1.0
5278427062	13846.0	15866.0	22358.0	24595.0	20234.0	182.0	153.0	198.0	130.0	235.0
5297643799	0.0	0.0	0.0	0.0	20279.0	0.0	0.0	0.0	0.0	12.0
5306156534	0.0	130432.0	90316.0	35111.0	41983.0	0.0	393.0	792.0	433.0	359.0
5316377831	0.0	3.0	10.0	6.0	26.0	0.0	1.0	3.0	2.0	4.0
5330077876	0.0	0.0	0.0	0.0	6160.0	0.0	0.0	0.0	0.0	5.0
5330082337	0.0	0.0	0.0	0.0	30599.0	0.0	0.0	0.0	0.0	30.0
5340823949	545.0	876.0	1808.0	87.0	0.0	29.0	14.0	33.0	12.0	0.0
5340919261	217.0	210.0	278.0	0.0	837.0	31.0	42.0	28.0	0.0	42.0
5341561206	1.0	3.0	1.0	4.0	3.0	0.0	1.0	0.0	1.0	0.0
5341832954	13274.0	40531.0	102842.0	109857.0	90649.0	458.0	827.0	927.0	964.0	855.0
5343802312	0.0	0.0	16093.0	0.0	370052.0	0.0	0.0	342.0	0.0	455.0
5352788367	0.0	8580.0	14680.0	12577.0	45310.0	0.0	105.0	94.0	58.0	132.0
5362336233	0.0	0.0	69295.0	144389.0	540989.0	0.0	0.0	304.0	668.0	1791.0
5365994144	3511.0	1007.0	2529.0	718.0	1030.0	140.0	48.0	65.0	45.0	28.0
5385725310	0.0	1158.0	1064.0	1097.0	5509.0	0.0	19.0	22.0	8.0	11.0
5388584202	33.0	319.0	428.0	397.0	382.0	6.0	2.0	2.0	3.0	2.0
5426460093	0.0	20407.0	319709.0	178431.0	404833.0	0.0	928.0	1249.0	743.0	1581.0
5427040431	0.0	2322.0	5671.0	7034.0	7734.0	0.0	22.0	24.0	32.0	27.0
5448480859	738.0	3120.0	4114.0	14266.0	14175.0	10.0	18.0	24.0	78.0	84.0
5450093472	0.0	0.0	29546.0	17153.0	118204.0	0.0	0.0	165.0	143.0	214.0
5452174546	27.0	33.0	86.0	0.0	56.0	2.0	3.0	9.0	0.0	0.0
5455490563	4739.0	3229.0	1866.0	3832.0	4826.0	108.0	79.0	89.0	120.0	110.0
5463363021	0.0	0.0	0.0	0.0	130.0	0.0	0.0	0.0	0.0	3.0
5466029816	0.0	95923.0	48380.0	73273.0	40220.0	0.0	329.0	400.0	455.0	398.0
5466592990	73018.0	154332.0	91661.0	23401.0	112068.0	2213.0	714.0	411.0	316.0	420.0
5468891022	0.0	0.0	7126.0	10975.0	3441.0	0.0	0.0	31.0	24.0	13.0
5471196873	0.0	0.0	0.0	0.0	2.0	0.0	0.0	0.0	0.0	2.0
5487426270	0.0	52657.0	144138.0	129258.0	302158.0	0.0	1423.0	874.0	688.0	891.0
5490326028	0.0	0.0	110951.0	765527.0	716581.0	0.0	0.0	9246.0	14444.0	23116.0
5490641722	1853.0	2368.0	2630.0	1229.0	1047.0	50.0	54.0	82.0	33.0	28.0
5498841630	0.0	0.0	15953.0	16766.0	45780.0	0.0	0.0	64.0	83.0	156.0
5510622529	82509.0	148479.0	144897.0	65636.0	60447.0	1919.0	1207.0	923.0	483.0	351.0
5512922997	0.0	92384.0	224857.0	208726.0	192804.0	0.0	1593.0	1405.0	1122.0	524.0
5518629816	0.0	0.0	0.0	1243.0	4845.0	0.0	0.0	0.0	52.0	72.0
5527131205	0.0	0.0	0.0	0.0	4.0	0.0	0.0	0.0	0.0	0.0
5530920153	0.0	486.0	3819.0	23527.0	6725.0	0.0	9.0	30.0	80.0	23.0
5540466595	0.0	0.0	7726.0	0.0	191097.0	0.0	0.0	193.0	0.0	239.0
5540681648	48957.0	56708.0	17272.0	10766.0	16298.0	220.0	433.0	360.0	104.0	88.0
5541345550	0.0	651.0	2263.0	9564.0	39334.0	0.0	10.0	73.0	98.0	68.0
5541613374	6555.0	22847.0	3692.0	4006.0	1642.0	193.0	187.0	176.0	45.0	48.0
5545165107	0.0	0.0	8582.0	0.0	119718.0	0.0	0.0	151.0	0.0	157.0
5546717665	0.0	0.0	0.0	0.0	915.0	0.0	0.0	0.0	0.0	1.0
5556631847	1447.0	0.0	25903.0	34365.0	39157.0	1447.0	0.0	119.0	139.0	108.0
5556869758	30771.0	12146.0	163343.0	150426.0	105415.0	422.0	368.0	3141.0	1791.0	2196.0
5561157660	0.0	88.0	167.0	916.0	1413.0	0.0	44.0	17.0	7.0	9.0
5562297500	307.0	3049.0	691.0	139.0	34.0	1.0	18.0	11.0	4.0	2.0
5570345486	1572.0	1003.0	289.0	321.0	108.0	13.0	22.0	36.0	321.0	108.0
5575084454	736.0	523.0	76.0	0.0	67.0	15.0	24.0	8.0	0.0	3.0
5581363016	269062.0	341738.0	328909.0	94954.0	140925.0	3686.0	4953.0	3738.0	2499.0	1854.0
5585306684	0.0	0.0	0.0	42884.0	266416.0	0.0	0.0	0.0	442.0	372.0
5586771466	18664.0	62530.0	290006.0	159557.0	240275.0	397.0	1563.0	5472.0	2704.0	3041.0
5593931611	117.0	246.0	206.0	166.0	329.0	1.0	2.0	1.0	1.0	2.0
5600029229	0.0	0.0	10324.0	21876.0	49547.0	0.0	0.0	105.0	90.0	109.0
5601948311	0.0	0.0	0.0	0.0	319739.0	0.0	0.0	0.0	0.0	386.0
5609949025	48273.0	38113.0	49472.0	80278.0	132892.0	1665.0	249.0	305.0	317.0	500.0
5613993790	0.0	0.0	0.0	1004.0	3676.0	0.0	0.0	0.0	30.0	40.0
5614453847	8176.0	1947.0	26946.0	23606.0	117454.0	21.0	14.0	391.0	482.0	1223.0
5616413326	0.0	2071.0	16270.0	29419.0	56294.0	0.0	109.0	103.0	139.0	138.0
5621753164	0.0	0.0	0.0	0.0	3074.0	0.0	0.0	0.0	0.0	25.0
5647938339	78615.0	89237.0	24166.0	54702.0	6344.0	2246.0	1487.0	1098.0	2879.0	352.0
5649244896	3.0	11.0	58.0	79.0	415.0	0.0	0.0	2.0	2.0	6.0
5655452204	0.0	0.0	0.0	0.0	6881.0	0.0	0.0	0.0	0.0	45.0
5659237191	2657.0	37312.0	53127.0	10556.0	16653.0	266.0	165.0	284.0	78.0	74.0
5661505070	0.0	0.0	0.0	0.0	35318.0	0.0	0.0	0.0	0.0	30.0
5661962543	0.0	10209.0	40266.0	27792.0	24354.0	0.0	255.0	303.0	211.0	217.0
5662555038	0.0	0.0	68.0	327.0	760.0	0.0	0.0	2.0	6.0	10.0
5667272865	0.0	4598.0	29008.0	50492.0	31024.0	0.0	270.0	210.0	158.0	124.0
5671310355	0.0	0.0	0.0	14752.0	26775.0	0.0	0.0	0.0	1475.0	1575.0
5672212831	0.0	13299.0	45258.0	73250.0	63801.0	0.0	180.0	220.0	310.0	321.0
5672509786	0.0	0.0	4698.0	27883.0	220432.0	0.0	0.0	522.0	349.0	302.0
5675449379	80418.0	73565.0	154197.0	580292.0	587291.0	2773.0	3872.0	3761.0	5803.0	9035.0
5675789231	415.0	4183.0	6502.0	62700.0	128994.0	15.0	182.0	310.0	4180.0	4961.0
5683860740	70.0	162.0	106.0	280.0	1094.0	1.0	2.0	2.0	3.0	9.0
5685858421	0.0	136.0	4717.0	855.0	30137.0	0.0	19.0	29.0	122.0	42.0
5696628760	0.0	8780.0	4456.0	10271.0	13823.0	0.0	62.0	56.0	46.0	38.0
5699464819	28176.0	21197.0	14896.0	13833.0	6494.0	626.0	530.0	552.0	384.0	180.0
5701560760	160.0	350.0	367.0	276.0	454.0	3.0	3.0	7.0	7.0	13.0
5701705494	0.0	11747.0	82974.0	113637.0	143375.0	0.0	435.0	421.0	486.0	569.0
5705372166	56961.0	32013.0	23670.0	10586.0	3125.0	325.0	258.0	252.0	208.0	57.0
5716783177	0.0	0.0	11015.0	33290.0	126439.0	0.0	0.0	5508.0	2378.0	3084.0
5717651958	0.0	0.0	0.0	0.0	25445.0	0.0	0.0	0.0	0.0	22.0
5727695436	0.0	0.0	111307.0	49178.0	83315.0	0.0	0.0	2854.0	1696.0	2380.0
5729126469	0.0	68336.0	68498.0	71445.0	88327.0	0.0	1454.0	1427.0	1232.0	1497.0
5732776759	0.0	2203.0	6119.0	2949.0	13658.0	0.0	47.0	245.0	92.0	318.0
5734938853	0.0	560.0	0.0	264.0	6677.0	0.0	56.0	0.0	38.0	40.0
5735288397	298.0	2892.0	1467.0	755.0	16459.0	33.0	72.0	31.0	42.0	44.0
5737298088	0.0	0.0	0.0	0.0	1.0	0.0	0.0	0.0	0.0	0.0
5737500316	0.0	0.0	0.0	0.0	0.0	0.0	0.0	0.0	0.0	0.0
5738118995	31192.0	3374.0	0.0	505.0	0.0	339.0	337.0	0.0	56.0	0.0
5742251187	9200.0	7161.0	8934.0	5424.0	13905.0	121.0	88.0	76.0	62.0	123.0
5745465668	0.0	1198.0	8683.0	36871.0	67656.0	0.0	133.0	241.0	201.0	284.0
5745465714	7563.0	10008.0	22673.0	6451.0	4147.0	194.0	130.0	504.0	104.0	112.0
5745465746	10905.0	11170.0	6446.0	1335.0	228.0	223.0	189.0	215.0	167.0	228.0
5745465801	0.0	0.0	0.0	13559.0	15367.0	0.0	0.0	0.0	411.0	19.0
5745465809	0.0	0.0	0.0	0.0	71.0	0.0	0.0	0.0	0.0	7.0
5745465818	0.0	172.0	1493.0	718.0	834.0	0.0	57.0	373.0	359.0	44.0
5747171145	0.0	0.0	94.0	70.0	449.0	0.0	0.0	12.0	23.0	45.0
5747171149	1748.0	912.0	28058.0	11716.0	9884.0	87.0	91.0	136.0	77.0	63.0
5747171209	0.0	0.0	0.0	0.0	215.0	0.0	0.0	0.0	0.0	0.0
5747171211	1035.0	3093.0	3481.0	2594.0	3009.0	18.0	40.0	31.0	32.0	24.0
5747171223	0.0	0.0	0.0	0.0	548.0	0.0	0.0	0.0	0.0	0.0
5747171241	5162.0	23032.0	33686.0	11569.0	7555.0	258.0	284.0	159.0	117.0	74.0
5747171292	0.0	295.0	1147.0	1116.0	646.0	0.0	49.0	574.0	1116.0	34.0
5748661306	0.0	1.0	2.0	0.0	1.0	0.0	0.0	0.0	0.0	0.0
5751573414	0.0	0.0	17420.0	11665.0	594554.0	0.0	0.0	871.0	833.0	904.0
5756467581	0.0	1085.0	42.0	1692.0	3076.0	0.0	83.0	3.0	56.0	205.0
5757998794	0.0	0.0	0.0	0.0	0.0	0.0	0.0	0.0	0.0	0.0
5761843184	0.0	0.0	0.0	105631.0	167309.0	0.0	0.0	0.0	457.0	339.0
5763577473	1678.0	2593.0	21135.0	25816.0	32001.0	168.0	259.0	261.0	199.0	604.0
5780974966	3900.0	4002.0	30017.0	27003.0	22650.0	229.0	500.0	2729.0	1500.0	629.0
5785510365	0.0	0.0	0.0	0.0	77157.0	0.0	0.0	0.0	0.0	1754.0
5785689035	45.0	230.0	661.0	671.0	445.0	1.0	2.0	5.0	5.0	6.0
5792617656	402.0	1116.0	481.0	118.0	667.0	8.0	40.0	25.0	12.0	33.0
5792803077	0.0	0.0	0.0	0.0	17036.0	0.0	0.0	0.0	0.0	18.0
5793687703	0.0	0.0	0.0	0.0	0.0	0.0	0.0	0.0	0.0	0.0
5794971956	0.0	2.0	2.0	0.0	3.0	0.0	0.0	0.0	0.0	0.0
5795011847	114.0	1283.0	324.0	206.0	1563.0	2.0	4.0	3.0	11.0	12.0
5796841416	0.0	0.0	0.0	6.0	8.0	0.0	0.0	0.0	1.0	1.0
5802853796	232.0	735.0	20413.0	2926.0	155188.0	232.0	368.0	658.0	209.0	226.0
5810945254	0.0	140.0	745.0	77.0	706.0	0.0	7.0	8.0	4.0	11.0
5812136799	0.0	0.0	0.0	0.0	171201.0	0.0	0.0	0.0	0.0	173.0
5815357128	0.0	216.0	445.0	4420.0	3650.0	0.0	5.0	5.0	12.0	12.0
5820997239	0.0	0.0	23.0	64.0	6.0	0.0	0.0	5.0	9.0	2.0
5821489457	0.0	0.0	0.0	1.0	0.0	0.0	0.0	0.0	0.0	0.0
5833583486	173492.0	411119.0	602999.0	262502.0	515648.0	6426.0	15227.0	26217.0	15441.0	15166.0
5836409535	0.0	0.0	14.0	1.0	1.0	0.0	0.0	0.0	0.0	0.0
5853565016	1189.0	35262.0	54591.0	14320.0	15107.0	396.0	619.0	420.0	251.0	280.0
5860114965	0.0	3.0	157.0	201.0	1739.0	0.0	0.0	3.0	2.0	40.0
5860115721	0.0	359.0	9448.0	15130.0	14414.0	0.0	12.0	67.0	106.0	99.0
5860115918	1.0	628.0	1561.0	3493.0	3323.0	0.0	4.0	18.0	64.0	47.0
5860465636	6.0	1053.0	8040.0	3949.0	1879.0	1.0	7.0	183.0	52.0	42.0
5860465812	0.0	682.0	3579.0	6901.0	3610.0	0.0	6.0	45.0	93.0	37.0
5865799720	0.0	0.0	0.0	0.0	7049.0	0.0	0.0	0.0	0.0	4.0
5868150992	0.0	2770.0	25506.0	112895.0	208408.0	0.0	277.0	981.0	1792.0	2149.0
5869731230	0.0	0.0	94030.0	31871.0	913.0	0.0	0.0	619.0	251.0	183.0
5871697862	0.0	0.0	0.0	51717.0	419250.0	0.0	0.0	0.0	1724.0	2396.0
5871882880	0.0	0.0	56717.0	5696.0	433.0	0.0	0.0	469.0	228.0	144.0
5871915911	0.0	15.0	307.0	669.0	432.0	0.0	2.0	3.0	9.0	6.0
5872605952	0.0	0.0	0.0	21871.0	41865.0	0.0	0.0	0.0	317.0	551.0
5874421195	0.0	0.0	18383.0	31566.0	262293.0	0.0	0.0	657.0	4509.0	4769.0
5877737972	0.0	0.0	0.0	0.0	0.0	0.0	0.0	0.0	0.0	0.0
5879823459	0.0	0.0	0.0	52662.0	347287.0	0.0	0.0	0.0	3762.0	4086.0
5880356967	0.0	0.0	0.0	0.0	6.0	0.0	0.0	0.0	0.0	1.0
5880895746	0.0	5408.0	3294.0	1250.0	666.0	0.0	62.0	62.0	42.0	33.0
5886225740	0.0	0.0	0.0	0.0	14891.0	0.0	0.0	0.0	0.0	9.0
5886288469	0.0	0.0	0.0	0.0	69136.0	0.0	0.0	0.0	0.0	48.0
5886624365	0.0	0.0	0.0	91676.0	156174.0	0.0	0.0	0.0	5093.0	5784.0
5890114486	0.0	32.0	427.0	172.0	55.0	0.0	1.0	5.0	5.0	2.0
5890886959	0.0	0.0	2.0	9.0	0.0	0.0	0.0	0.0	0.0	0.0
5896616568	0.0	9149.0	191567.0	98120.0	54404.0	0.0	1307.0	1842.0	2336.0	972.0
5897718391	0.0	889.0	10511.0	18178.0	8201.0	0.0	32.0	31.0	82.0	66.0
5897948226	0.0	0.0	0.0	0.0	17084.0	0.0	0.0	0.0	0.0	10.0
5897998899	0.0	0.0	7.0	0.0	3.0	0.0	0.0	2.0	0.0	1.0
5898289551	0.0	0.0	0.0	0.0	0.0	0.0	0.0	0.0	0.0	0.0
5907262772	0.0	0.0	0.0	0.0	34745.0	0.0	0.0	0.0	0.0	27.0
5907511965	0.0	105.0	535.0	3269.0	1184.0	0.0	2.0	3.0	71.0	85.0
5913360362	0.0	1.0	7.0	152.0	722.0	0.0	0.0	1.0	8.0	29.0
5917086703	0.0	0.0	28.0	73.0	339.0	0.0	0.0	1.0	2.0	3.0
5922754405	0.0	0.0	0.0	0.0	50934.0	0.0	0.0	0.0	0.0	28.0
5934050272	0.0	0.0	0.0	13193.0	28495.0	0.0	0.0	0.0	152.0	277.0
5935891793	0.0	0.0	0.0	0.0	0.0	0.0	0.0	0.0	0.0	0.0
5940597074	0.0	0.0	0.0	24008.0	536299.0	0.0	0.0	0.0	2401.0	1477.0
5948336939	0.0	0.0	147915.0	148251.0	154845.0	0.0	0.0	1057.0	1067.0	1312.0
5955516943	0.0	0.0	1021.0	18408.0	4518.0	0.0	0.0	51.0	170.0	46.0
5960989059	0.0	0.0	0.0	0.0	5.0	0.0	0.0	0.0	0.0	2.0
5976647137	0.0	0.0	95.0	129.0	10.0	0.0	0.0	3.0	3.0	1.0
5978791348	0.0	0.0	3.0	2.0	0.0	0.0	0.0	0.0	2.0	0.0
5981859607	0.0	0.0	28.0	47.0	62.0	0.0	0.0	4.0	3.0	4.0
5981960719	0.0	0.0	0.0	1.0	0.0	0.0	0.0	0.0	0.0	0.0
5985174762	0.0	0.0	0.0	2496.0	191.0	0.0	0.0	0.0	832.0	32.0
5991771342	0.0	0.0	0.0	27441.0	216880.0	0.0	0.0	0.0	2495.0	2745.0
5992567630	0.0	0.0	0.0	31.0	542.0	0.0	0.0	0.0	1.0	3.0
5993892239	0.0	0.0	1.0	3.0	1.0	0.0	0.0	0.0	0.0	0.0
5994028437	0.0	0.0	0.0	0.0	0.0	0.0	0.0	0.0	0.0	0.0
5997529482	0.0	0.0	0.0	0.0	64321.0	0.0	0.0	0.0	0.0	2297.0
6000046158	0.0	0.0	34450.0	27819.0	48594.0	0.0	0.0	8612.0	4636.0	4859.0
6002179201	0.0	0.0	0.0	0.0	19.0	0.0	0.0	0.0	0.0	0.0
6002839365	0.0	0.0	0.0	13.0	350.0	0.0	0.0	0.0	4.0	8.0
6006394101	0.0	0.0	0.0	0.0	283.0	0.0	0.0	0.0	0.0	283.0
6008648596	0.0	0.0	0.0	56.0	1271.0	0.0	0.0	0.0	4.0	7.0
6011366089	0.0	0.0	0.0	643.0	515.0	0.0	0.0	0.0	12.0	13.0
6011988371	0.0	0.0	0.0	1.0	2.0	0.0	0.0	0.0	0.0	0.0
6012171411	0.0	0.0	0.0	0.0	2647.0	0.0	0.0	0.0	0.0	2.0
6012224021	0.0	0.0	0.0	0.0	10990.0	0.0	0.0	0.0	0.0	6.0
6012801927	0.0	0.0	0.0	2097.0	485.0	0.0	0.0	0.0	36.0	10.0
6025707566	0.0	0.0	0.0	0.0	89.0	0.0	0.0	0.0	0.0	15.0
6027000226	0.0	0.0	0.0	0.0	0.0	0.0	0.0	0.0	0.0	0.0
6028795611	0.0	0.0	0.0	0.0	0.0	0.0	0.0	0.0	0.0	0.0
6031554058	0.0	0.0	0.0	0.0	0.0	0.0	0.0	0.0	0.0	0.0
6032285351	0.0	0.0	0.0	0.0	12.0	0.0	0.0	0.0	0.0	0.0
6041575744	0.0	0.0	0.0	6.0	2.0	0.0	0.0	0.0	0.0	0.0
6043367173	0.0	0.0	0.0	0.0	0.0	0.0	0.0	0.0	0.0	0.0
6043658718	0.0	0.0	0.0	93.0	4111.0	0.0	0.0	0.0	3.0	40.0
6044380859	0.0	0.0	0.0	8.0	372.0	0.0	0.0	0.0	1.0	17.0
6045532842	0.0	0.0	0.0	0.0	7.0	0.0	0.0	0.0	0.0	2.0
6048312341	0.0	0.0	0.0	1.0	2.0	0.0	0.0	0.0	0.0	0.0
6048952028	0.0	0.0	0.0	28.0	0.0	0.0	0.0	0.0	2.0	0.0
6050943812	0.0	0.0	0.0	0.0	46.0	0.0	0.0	0.0	0.0	0.0
6053295480	0.0	0.0	0.0	0.0	4334.0	0.0	0.0	0.0	0.0	27.0
6057485547	0.0	0.0	0.0	0.0	22.0	0.0	0.0	0.0	0.0	1.0
6058166323	0.0	0.0	0.0	1.0	9.0	0.0	0.0	0.0	0.0	3.0
6064226600	0.0	0.0	0.0	0.0	16.0	0.0	0.0	0.0	0.0	1.0
6073691376	0.0	0.0	0.0	0.0	5.0	0.0	0.0	0.0	0.0	1.0
6075854440	0.0	0.0	0.0	0.0	2.0	0.0	0.0	0.0	0.0	0.0
6077536321	0.0	0.0	0.0	0.0	0.0	0.0	0.0	0.0	0.0	0.0
6078309644	0.0	0.0	0.0	0.0	21.0	0.0	0.0	0.0	0.0	1.0
6081915398	0.0	0.0	0.0	0.0	0.0	0.0	0.0	0.0	0.0	0.0
6085778395	0.0	0.0	0.0	0.0	1240.0	0.0	0.0	0.0	0.0	12.0
6086692017	0.0	0.0	0.0	0.0	2.0	0.0	0.0	0.0	0.0	0.0
6087407136	0.0	0.0	0.0	0.0	29.0	0.0	0.0	0.0	0.0	2.0
6096303551	0.0	0.0	0.0	0.0	5232.0	0.0	0.0	0.0	0.0	39.0
6100366381	0.0	0.0	0.0	0.0	6.0	0.0	0.0	0.0	0.0	0.0
6113112226	0.0	0.0	0.0	0.0	5150.0	0.0	0.0	0.0	0.0	45.0
6117563192	0.0	0.0	0.0	0.0	8275.0	0.0	0.0	0.0	0.0	122.0
6122935273	0.0	0.0	0.0	0.0	22.0	0.0	0.0	0.0	0.0	0.0
6128706745	0.0	0.0	0.0	0.0	0.0	0.0	0.0	0.0	0.0	0.0
6144363209	0.0	0.0	0.0	0.0	122.0	0.0	0.0	0.0	0.0	30.0
6155170120	0.0	0.0	0.0	0.0	0.0	0.0	0.0	0.0	0.0	0.0
6157089150	0.0	0.0	0.0	0.0	632.0	0.0	0.0	0.0	0.0	22.0
1036701494	9170.0	11975.0	17942.0	16607.0	18682.0	235.0	292.0	460.0	639.0	505.0
1075376185	1979.0	123.0	318.0	726.0	701.0	124.0	12.0	8.0	23.0	24.0
1147703514	30.0	48.0	32.0	22.0	50.0	2.0	1.0	1.0	1.0	1.0
1149123383	1379.0	598.0	1666.0	516.0	139.0	69.0	46.0	93.0	86.0	35.0
1164589025	7092.0	6733.0	21000.0	32939.0	21633.0	70.0	70.0	132.0	193.0	161.0
1179630143	135.0	0.0	0.0	0.0	86.0	14.0	0.0	0.0	0.0	4.0
1199769167	4516.0	1687.0	4331.0	3375.0	5385.0	161.0	67.0	103.0	102.0	102.0
1212208092	931.0	769.0	1824.0	0.0	1533.0	93.0	85.0	61.0	0.0	153.0
1216431741	0.0	0.0	0.0	154436.0	924380.0	0.0	0.0	0.0	996.0	1438.0
1218639357	15328.0	48141.0	42437.0	32304.0	40907.0	383.0	354.0	461.0	323.0	239.0
1219957677	596.0	593.0	541.0	626.0	5283.0	60.0	37.0	77.0	39.0	102.0
1221407170	17.0	8.0	16.0	95.0	30.0	1.0	1.0	1.0	4.0	1.0
1225574955	586.0	589.0	663.0	534.0	780.0	17.0	28.0	33.0	19.0	22.0
1241909502	2156.0	2080.0	2113.0	3026.0	2674.0	40.0	23.0	29.0	38.0	28.0
1242563970	788.0	2102.0	976.0	919.0	1175.0	14.0	12.0	13.0	13.0	9.0
1246529447	1804.0	7591.0	9301.0	10169.0	11630.0	139.0	162.0	202.0	248.0	306.0
1251186131	6187.0	18601.0	22424.0	9715.0	21787.0	167.0	159.0	287.0	243.0	266.0
1253268747	0.0	921.0	5865.0	5855.0	4393.0	0.0	66.0	77.0	96.0	55.0
1262775115	1712.0	3431.0	3824.0	3832.0	3825.0	78.0	86.0	116.0	109.0	106.0
1263478891	2096.0	2564.0	5705.0	11971.0	5376.0	116.0	64.0	219.0	292.0	283.0
1277426872	353.0	537.0	92.0	147.0	106.0	22.0	36.0	15.0	18.0	11.0
1301913240	451.0	1313.0	2330.0	965.0	9866.0	28.0	77.0	137.0	161.0	282.0
1354290737	4551.0	10767.0	10778.0	8063.0	16125.0	117.0	136.0	152.0	202.0	215.0
1363456275	0.0	246.0	59.0	101.0	614.0	0.0	62.0	10.0	101.0	123.0
1398025082	1042.0	1139.0	1408.0	1251.0	2489.0	116.0	88.0	117.0	125.0	131.0
1400398511	330.0	2599.0	3270.0	1899.0	6932.0	14.0	12.0	22.0	13.0	36.0
1401538444	0.0	4.0	8.0	4.0	9.0	0.0	4.0	2.0	1.0	3.0
1405823877	750.0	371.0	740.0	422.0	845.0	11.0	4.0	8.0	6.0	10.0
1406603113	1431.0	1012.0	1101.0	725.0	765.0	38.0	40.0	44.0	35.0	26.0
1414132123	67.0	2835.0	381.0	2780.0	4865.0	10.0	218.0	19.0	309.0	128.0
1426983034	0.0	1535.0	6868.0	7848.0	8998.0	0.0	41.0	27.0	33.0	26.0
1440996140	12.0	0.0	12.0	0.0	18.0	6.0	0.0	12.0	0.0	9.0
1446001560	1461.0	7748.0	2739.0	17962.0	12285.0	146.0	277.0	274.0	473.0	232.0
1465827625	2.0	1.0	0.0	2.0	1.0	1.0	0.0	0.0	0.0	0.0
1478282890	0.0	0.0	8964.0	3685.0	12383.0	0.0	0.0	264.0	123.0	170.0
1496959004	12179.0	3101.0	4670.0	5409.0	2396.0	271.0	57.0	65.0	81.0	57.0
1528394563	16191.0	9776.0	16675.0	16333.0	20483.0	294.0	489.0	278.0	263.0	218.0
1534936623	14646.0	2400.0	11930.0	5107.0	3939.0	376.0	185.0	249.0	116.0	94.0
1557392913	1186.0	0.0	29030.0	50621.0	35153.0	119.0	0.0	346.0	375.0	275.0
1573021601	19811.0	34907.0	53983.0	34884.0	42511.0	422.0	448.0	391.0	320.0	320.0
1574520001	1909.0	2936.0	4926.0	3927.0	6020.0	68.0	49.0	59.0	57.0	61.0
1580957991	3127.0	8024.0	5940.0	9381.0	11627.0	116.0	132.0	165.0	254.0	237.0
1599441204	0.0	729.0	3973.0	3931.0	3833.0	0.0	61.0	142.0	207.0	132.0
1603940827	2135.0	7954.0	5343.0	4496.0	8662.0	194.0	241.0	214.0	136.0	102.0
1606263255	559.0	212.0	119.0	828.0	1051.0	80.0	8.0	6.0	44.0	44.0
1607806944	8652.0	17593.0	12922.0	14558.0	17030.0	97.0	90.0	107.0	81.0	75.0
1626506953	31999.0	11371.0	52716.0	100955.0	121614.0	3200.0	2274.0	1818.0	1941.0	2534.0
1629072852	449.0	859.0	1026.0	467.0	376.0	20.0	10.0	15.0	9.0	22.0
1639508961	979.0	185.0	159.0	216.0	8.0	41.0	21.0	18.0	43.0	8.0
1642893707	0.0	3515.0	162.0	1498.0	318.0	0.0	352.0	32.0	71.0	21.0
1644288455	9.0	4.0	10.0	0.0	6.0	9.0	4.0	3.0	0.0	6.0
1646343160	662.0	1877.0	515.0	2526.0	3656.0	37.0	59.0	21.0	62.0	108.0
1649211301	3201.0	5345.0	19314.0	8710.0	10561.0	119.0	232.0	439.0	290.0	271.0
1658915013	513.0	466.0	305.0	130.0	156.0	9.0	11.0	6.0	9.0	5.0
1665349605	0.0	603.0	1539.0	1513.0	3159.0	0.0	30.0	25.0	61.0	70.0
1678980455	1113.0	1135.0	3368.0	340.0	1285.0	111.0	114.0	187.0	85.0	68.0
1685012970	0.0	179.0	62.0	136.0	163.0	0.0	5.0	4.0	7.0	7.0
1686001015	1352.0	1723.0	1660.0	1833.0	2198.0	123.0	56.0	57.0	57.0	78.0
1686823655	6280.0	4865.0	11115.0	3568.0	15458.0	628.0	324.0	359.0	446.0	515.0
1688801713	0.0	0.0	1867.0	1992.0	6404.0	0.0	0.0	133.0	62.0	278.0
1707256875	0.0	2336.0	4222.0	901.0	6390.0	0.0	87.0	136.0	100.0	220.0
1719139713	7784.0	6272.0	10246.0	20966.0	18466.0	243.0	224.0	233.0	488.0	348.0
1727330020	1341.0	4325.0	7808.0	5833.0	12772.0	134.0	82.0	104.0	91.0	160.0
1732734883	113.0	102.0	0.0	185.0	152.0	16.0	10.0	0.0	8.0	6.0
1735616161	0.0	12.0	63.0	23.0	33.0	0.0	3.0	8.0	12.0	6.0
1736054365	2576.0	9074.0	304651.0	181468.0	164008.0	258.0	756.0	4914.0	6980.0	8200.0
1742121542	2178788.0	1096930.0	1065306.0	392081.0	759076.0	17430.0	8374.0	6963.0	3295.0	4545.0
1744257311	0.0	0.0	0.0	540.0	5737.0	0.0	0.0	0.0	14.0	8.0
1745813791	922.0	248.0	37.0	18.0	36.0	21.0	12.0	6.0	18.0	6.0
1750356705	1992.0	8112.0	6551.0	13700.0	14369.0	166.0	208.0	205.0	319.0	423.0
1750762053	1614.0	980.0	3741.0	4620.0	4261.0	161.0	122.0	150.0	140.0	152.0
1758895582	1483.0	1550.0	2029.0	11512.0	35131.0	148.0	194.0	127.0	360.0	558.0
1759950835	0.0	1.0	0.0	0.0	0.0	0.0	1.0	0.0	0.0	0.0
1763716750	67.0	50.0	71.0	26.0	253.0	4.0	3.0	7.0	13.0	16.0
1766362445	0.0	3.0	0.0	12.0	171.0	0.0	1.0	0.0	1.0	3.0
1767702282	132.0	414.0	753.0	963.0	6005.0	44.0	59.0	63.0	107.0	200.0
1770005762	2056.0	1942.0	2464.0	2623.0	2624.0	86.0	84.0	107.0	131.0	138.0
1774041753	2199.0	3937.0	17854.0	3966.0	4118.0	61.0	67.0	397.0	165.0	147.0
1781457032	29544.0	5196.0	1115.0	812.0	2776.0	1055.0	216.0	22.0	45.0	69.0
1783681865	8497.0	6973.0	6653.0	4787.0	8700.0	139.0	132.0	123.0	145.0	235.0
1788940134	0.0	1891.0	8415.0	9436.0	4537.0	0.0	95.0	124.0	172.0	197.0
1795617563	1367.0	4578.0	1895.0	1023.0	8512.0	171.0	164.0	100.0	93.0	224.0
1798050592	734.0	0.0	1768.0	27628.0	85672.0	184.0	0.0	884.0	614.0	507.0
1802581135	8205.0	14071.0	7377.0	16108.0	18169.0	256.0	281.0	307.0	293.0	298.0
1804416382	3329.0	1003.0	284.0	227.0	232.0	85.0	17.0	9.0	8.0	5.0
1805406782	18853.0	17243.0	13210.0	13880.0	21128.0	524.0	303.0	413.0	925.0	587.0
1815145485	4557.0	8419.0	2475.0	14682.0	11062.0	240.0	183.0	146.0	334.0	240.0
1820662985	967.0	1422.0	1110.0	1329.0	2086.0	138.0	95.0	79.0	111.0	91.0
1821459587	0.0	0.0	221.0	137.0	53.0	0.0	0.0	10.0	8.0	4.0
1829767020	12659.0	7315.0	8965.0	13904.0	13307.0	288.0	149.0	230.0	240.0	296.0
1841021315	1015.0	1697.0	677.0	1052.0	2758.0	113.0	121.0	113.0	132.0	197.0
1856904492	7.0	6.0	0.0	2.0	0.0	2.0	3.0	0.0	1.0	0.0
1863424991	33.0	286.0	5748.0	1701.0	854.0	5.0	5.0	44.0	21.0	12.0
1868120090	66379.0	60691.0	176060.0	129803.0	404446.0	3017.0	2168.0	3201.0	1381.0	1399.0
1881036261	539.0	9064.0	12120.0	25996.0	16500.0	108.0	118.0	195.0	388.0	275.0
1895944731	0.0	0.0	199210.0	267492.0	288231.0	0.0	0.0	807.0	980.0	964.0
1900433641	3.0	55.0	3.0	2.0	9.0	0.0	28.0	1.0	2.0	4.0
1908390487	5.0	42.0	17.0	35.0	26.0	5.0	4.0	4.0	4.0	6.0
1948641401	2615.0	7298.0	5146.0	6378.0	14498.0	65.0	63.0	70.0	94.0	90.0
1988247561	2903.0	7675.0	4641.0	4556.0	4176.0	171.0	148.0	166.0	130.0	209.0
1988524995	0.0	1.0	8.0	378.0	705.0	0.0	0.0	2.0	10.0	21.0
2041668063	0.0	0.0	0.0	4655.0	19871.0	0.0	0.0	0.0	332.0	272.0
2070047164	5558.0	4810.0	13716.0	11537.0	22772.0	174.0	178.0	392.0	339.0	690.0
2091390311	0.0	0.0	87430.0	793642.0	1134000.0	0.0	0.0	2301.0	2504.0	3316.0
2096267310	0.0	82.0	11463.0	1422.0	637.0	0.0	7.0	239.0	95.0	42.0
2112426042	150.0	270.0	435.0	41.0	3459.0	9.0	6.0	13.0	14.0	31.0
2214029370	0.0	0.0	630.0	1509.0	1370.0	0.0	0.0	105.0	101.0	47.0
2255881441	5197.0	4725.0	10811.0	838.0	418.0	236.0	139.0	386.0	120.0	104.0
2351096732	97.0	843.0	1023.0	234.0	481.0	14.0	35.0	60.0	13.0	25.0
2356612802	0.0	6.0	167.0	3.0	0.0	0.0	1.0	28.0	2.0	0.0
2373931260	386.0	0.0	682.0	565.0	153.0	96.0	0.0	114.0	71.0	38.0
2425203201	0.0	486.0	262.0	738.0	235.0	0.0	61.0	44.0	184.0	34.0
2480059701	0.0	0.0	0.0	112.0	339.0	0.0	0.0	0.0	11.0	12.0
2491474340	13.0	80.0	348.0	14.0	54.0	4.0	6.0	29.0	5.0	3.0
2552721372	0.0	9704.0	11385.0	5251.0	16576.0	0.0	285.0	219.0	375.0	338.0
2663455835	5777.0	5321.0	9267.0	9490.0	11738.0	186.0	197.0	309.0	306.0	345.0
2772471805	0.0	938.0	708.0	660.0	548.0	0.0	23.0	20.0	15.0	15.0
2792163900	0.0	15.0	108.0	87.0	666.0	0.0	2.0	1.0	2.0	4.0
2810445594	3507.0	5246.0	6330.0	8735.0	10142.0	175.0	159.0	211.0	291.0	406.0
2866869562	30.0	26.0	38.0	7.0	18.0	10.0	4.0	1.0	4.0	1.0
2903316485	43644.0	48234.0	163370.0	60361.0	51373.0	727.0	427.0	605.0	359.0	263.0
2949327571	8028.0	4180.0	2878.0	7735.0	5791.0	104.0	64.0	87.0	136.0	145.0
1017146245	6.0	14.0	14.0	0.0	0.0	6.0	5.0	7.0	0.0	0.0
1093869443	0.0	0.0	0.0	0.0	0.0	0.0	0.0	0.0	0.0	0.0
1243602293	0.0	0.0	0.0	0.0	0.0	0.0	0.0	0.0	0.0	0.0
1745271495	0.0	4.0	10.0	0.0	0.0	0.0	0.0	0.0	0.0	0.0
1778166353	3.0	0.0	0.0	1.0	2.0	0.0	0.0	0.0	0.0	0.0
1792277377	0.0	0.0	0.0	294.0	227.0	0.0	0.0	0.0	98.0	3.0
1828817187	128717.0	442110.0	497398.0	0.0	0.0	6775.0	18421.0	165799.0	0.0	0.0
1845725094	1.0	0.0	0.0	0.0	0.0	1.0	0.0	0.0	0.0	0.0
1891935794	0.0	308.0	2.0	0.0	0.0	0.0	19.0	0.0	0.0	0.0
1901943305	0.0	166.0	227.0	0.0	0.0	0.0	166.0	227.0	0.0	0.0
1975394685	0.0	0.0	0.0	122.0	0.0	0.0	0.0	0.0	2.0	0.0
2028754811	70.0	88.0	7.0	43.0	75.0	4.0	6.0	4.0	4.0	4.0
2087942147	36.0	292.0	0.0	0.0	0.0	12.0	97.0	0.0	0.0	0.0
2173813084	0.0	0.0	0.0	0.0	0.0	0.0	0.0	0.0	0.0	0.0
2243494133	36.0	0.0	0.0	0.0	0.0	4.0	0.0	0.0	0.0	0.0
2307292004	19.0	81.0	21.0	39.0	6.0	0.0	1.0	0.0	1.0	0.0
2386868023	0.0	0.0	0.0	0.0	0.0	0.0	0.0	0.0	0.0	0.0
2419747327	32.0	3.0	40.0	4.0	0.0	32.0	2.0	8.0	4.0	0.0
2648620405	420.0	3752.0	1193.0	0.0	0.0	18.0	18.0	14.0	0.0	0.0
2768561720	5.0	12.0	10.0	3.0	0.0	0.0	0.0	0.0	0.0	0.0
2790630063	0.0	0.0	0.0	0.0	1.0	0.0	0.0	0.0	0.0	0.0
2828579552	23909.0	55949.0	25957.0	12583.0	20706.0	498.0	565.0	164.0	233.0	272.0
3123139423	0.0	54.0	82.0	19.0	0.0	0.0	1.0	2.0	1.0	0.0
3192229484	6.0	20.0	4.0	0.0	0.0	0.0	0.0	0.0	0.0	0.0
3203426722	0.0	0.0	12.0	0.0	7.0	0.0	0.0	0.0	0.0	0.0
3621181800	39.0	0.0	0.0	0.0	0.0	13.0	0.0	0.0	0.0	0.0
5203214787	0.0	0.0	0.0	0.0	2.0	0.0	0.0	0.0	0.0	0.0
5203395492	0.0	0.0	0.0	0.0	9.0	0.0	0.0	0.0	0.0	0.0
5489650843	1215.0	0.0	0.0	0.0	0.0	1215.0	0.0	0.0	0.0	0.0
5545500611	14.0	46.0	1.0	51.0	98.0	3.0	9.0	0.0	1.0	4.0
5617021272	0.0	0.0	0.0	42.0	358.0	0.0	0.0	0.0	0.0	2.0
5666611316	0.0	0.0	130.0	752.0	460.0	0.0	0.0	1.0	3.0	1.0
5866128603	0.0	0.0	0.0	0.0	9.0	0.0	0.0	0.0	0.0	0.0
5890337415	0.0	4.0	63.0	11.0	80.0	0.0	0.0	1.0	0.0	0.0
5990978953	0.0	0.0	88.0	0.0	0.0	0.0	0.0	10.0	0.0	0.0
6034165476	0.0	0.0	0.0	1617.0	211.0	0.0	0.0	0.0	85.0	16.0
6069858822	0.0	0.0	0.0	0.0	111.0	0.0	0.0	0.0	0.0	0.0
6085757704	0.0	0.0	0.0	0.0	31.0	0.0	0.0	0.0	0.0	0.0
6085757710	0.0	0.0	0.0	0.0	79.0	0.0	0.0	0.0	0.0	1.0
6086152985	0.0	0.0	0.0	0.0	650.0	0.0	0.0	0.0	0.0	4.0
3226109541	1766.0	1757.0	1601.0	3036.0	3679.0	61.0	73.0	57.0	169.0	94.0
3628368925	17.0	567.0	321.0	984.0	4883.0	1.0	10.0	5.0	10.0	19.0
3945917804	0.0	0.0	32298.0	40758.0	198571.0	0.0	0.0	547.0	396.0	289.0
3946154755	0.0	18313.0	142022.0	217692.0	430471.0	0.0	286.0	1224.0	783.0	1145.0
5251237195	646.0	1843.0	1281.0	1420.0	2006.0	65.0	58.0	43.0	42.0	53.0
5385519765	14.0	4.0	16.0	43.0	1994.0	1.0	1.0	2.0	11.0	14.0
5394437071	2921.0	3383.0	2754.0	2521.0	2369.0	45.0	48.0	56.0	65.0	85.0
5477320351	11999.0	70936.0	106554.0	337322.0	197084.0	1200.0	622.0	1025.0	956.0	664.0
5616936990	0.0	16.0	67.0	49.0	12.0	0.0	2.0	1.0	1.0	1.0
5628495345	1018.0	194279.0	185480.0	73462.0	163206.0	30.0	1408.0	1042.0	668.0	700.0
5669302379	433.0	78.0	0.0	195.0	343.0	72.0	78.0	0.0	65.0	49.0
5751949769	0.0	0.0	0.0	31614.0	115742.0	0.0	0.0	0.0	209.0	183.0
5884263636	0.0	7.0	114.0	114.0	1002.0	0.0	1.0	3.0	2.0	4.0
